        Frequency / GHz                S1,1/abs,dB
----------------------------------------------------------------------
                       1                     -0.13710332
                   1.003                     -0.13181983
                   1.006                     -0.12477827
               1.0089999                     -0.11649841
                   1.012                     -0.10757424
                   1.015                    -0.098635603
                   1.018                    -0.090304351
                   1.021                    -0.083155698
                   1.024                    -0.077679828
                   1.027                    -0.074251733
                    1.03                    -0.073114051
                   1.033                    -0.074354536
                   1.036                    -0.077910955
                   1.039                    -0.083570763
               1.0420001                    -0.090985656
                   1.045                    -0.099694038
                   1.048                     -0.10915146
                   1.051                     -0.11876317
                   1.054                     -0.12792562
                   1.057                     -0.13606499
               1.0599999                     -0.14267535
                   1.063                      -0.1473564
                   1.066                     -0.14983739
                   1.069                     -0.14999792
                   1.072                     -0.14787709
                   1.075                     -0.14366521
               1.0779999                     -0.13769416
                   1.081                     -0.13041058
                   1.084                     -0.12234418
                   1.087                     -0.11407012
                    1.09                      -0.1061725
               1.0930001                    -0.099203438
                   1.096                    -0.093647722
                   1.099                    -0.089896191
                   1.102                     -0.08821608
                   1.105                    -0.088739806
                   1.108                    -0.091458861
               1.1109999                    -0.096218451
                   1.114                     -0.10273516
                   1.117                     -0.11061097
                    1.12                     -0.11935773
                   1.123                      -0.1284321
                   1.126                     -0.13726721
               1.1289999                      -0.1453116
                   1.132                      -0.1520663
                   1.135                     -0.15711889
                   1.138                      -0.1601745
                   1.141                     -0.16107071
               1.1440001                      -0.1597942
                   1.147                     -0.15647831
                    1.15                     -0.15139272
                   1.153                     -0.14492682
                   1.156                     -0.13755738
                   1.159                     -0.12981865
               1.1619999                     -0.12226432
                   1.165                      -0.1154311
                   1.168                     -0.10980483
                   1.171                     -0.10578853
                   1.174                     -0.10367624
                   1.177                     -0.10364077
               1.1799999                     -0.10571396
                   1.183                     -0.10979629
                   1.186                      -0.1156554
                   1.189                     -0.12294308
                   1.192                     -0.13121867
               1.1950001                      -0.1399748
                   1.198                     -0.14867121
                   1.201                        -0.15677
                   1.204                      -0.1637739
                   1.207                     -0.16925538
                    1.21                     -0.17289194
               1.2130001                     -0.17448405
                   1.216                     -0.17397138
                   1.219                     -0.17143858
                   1.222                     -0.16710572
                   1.225                      -0.1613134
                   1.228                     -0.15449937
               1.2309999                     -0.14716753
                   1.234                     -0.13985275
                   1.237                     -0.13308717
                    1.24                     -0.12736213
                   1.243                     -0.12309783
               1.2460001                     -0.12062126
                   1.249                     -0.12013689
                   1.252                     -0.12172437
                   1.255                     -0.12532567
                   1.258                     -0.13075504
                   1.261                     -0.13770384
               1.2640001                     -0.14576611
                   1.267                     -0.15446067
                    1.27                     -0.16326309
                   1.273                     -0.17163703
                   1.276                     -0.17907554
                   1.279                     -0.18513061
               1.2819999                     -0.18944742
                   1.285                     -0.19178694
                   1.288                     -0.19204545
                   1.291                     -0.19026226
                   1.294                     -0.18661245
               1.2970001                      -0.1814001
                     1.3                     -0.17503449
                   1.303                     -0.16800191
                   1.306                     -0.16082995
                   1.309                     -0.15405687
                   1.312                     -0.14819224
               1.3150001                     -0.14368558
                   1.318                     -0.14089649
                   1.321                     -0.14007278
                   1.324                     -0.14133636
                   1.327                     -0.14467332
                    1.33                     -0.14993576
               1.3329999                     -0.15684995
                   1.336                     -0.16503418
                   1.339                     -0.17401987
                   1.342                     -0.18328378
                   1.345                     -0.19227948
                   1.348                     -0.20047573
                   1.351                     -0.20739221
                   1.354                     -0.21263228
                   1.357                     -0.21591005
                    1.36                      -0.2170742
                   1.363                     -0.21611782
               1.3660001                      -0.2131779
                   1.369                     -0.20853081
                   1.372                     -0.20256603
                   1.375                     -0.19576725
                   1.378                     -0.18867297
                   1.381                     -0.18184473
               1.3839999                     -0.17582432
                   1.387                     -0.17110668
                    1.39                     -0.16809984
                   1.393                     -0.16710509
                   1.396                     -0.16829196
                   1.399                     -0.17169401
                   1.402                     -0.17720162
                   1.405                     -0.18456597
                   1.408                     -0.19342136
                   1.411                      -0.2032954
                   1.414                     -0.21364975
               1.4170001                     -0.22390679
                    1.42                     -0.23349104
                   1.423                     -0.24186717
                   1.426                      -0.2485759
                   1.429                     -0.25327175
                   1.432                     -0.25574195
               1.4349999                      -0.2559295
                   1.438                     -0.25393389
                   1.441                     -0.25000892
                   1.444                     -0.24454094
                   1.447                     -0.23803117
                    1.45                      -0.2310523
               1.4529999                     -0.22421634
                   1.456                     -0.21813166
                   1.459                     -0.21336217
                   1.462                     -0.21039629
                   1.465                     -0.20960674
               1.4680001                      -0.2112367
                   1.471                     -0.21537591
                   1.474                     -0.22195702
                   1.477                     -0.23075725
                    1.48                     -0.24140937
                   1.483                     -0.25342463
               1.4859999                     -0.26622017
                   1.489                     -0.27915427
                   1.492                     -0.29157073
                   1.495                     -0.30284106
                   1.498                     -0.31240687
                   1.501                     -0.31982569
               1.5039999                     -0.32480029
                   1.507                     -0.32720363
                    1.51                     -0.32709338
                   1.513                     -0.32470791
                   1.516                     -0.32045358
               1.5190001                     -0.31487992
                   1.522                     -0.30864096
                   1.525                     -0.30245471
                   1.528                     -0.29705106
                   1.531                     -0.29313265
                   1.534                     -0.29132396
               1.5369999                     -0.29213089
                    1.54                     -0.29591585
                   1.543                     -0.30286463
                   1.546                     -0.31297776
                   1.549                     -0.32606673
                   1.552                     -0.34176112
               1.5549999                     -0.35952637
                   1.558                     -0.37869373
                   1.561                     -0.39850293
                   1.564                     -0.41814708
                   1.567                     -0.43682671
               1.5700001                     -0.45380793
                   1.573                     -0.46847746
                   1.576                     -0.48039249
                   1.579                     -0.48931845
                   1.582                     -0.49525626
                   1.585                     -0.49845096
               1.5880001                     -0.49938341
                   1.591                     -0.49874157
                   1.594                     -0.49738591
                   1.597                     -0.49628964
                     1.6                     -0.49648697
                   1.603                     -0.49900402
               1.6059999                     -0.50480335
                   1.609                     -0.51472699
                   1.612                     -0.52944344
                   1.615                     -0.54941317
                   1.618                     -0.57485668
               1.6210001                     -0.60574146
                   1.624                     -0.64177696
                   1.627                     -0.68242872
                    1.63                     -0.72694687
                   1.633                     -0.77440608
                   1.636                     -0.82377402
               1.6390001                     -0.87397815
                   1.642                     -0.92399946
                   1.645                     -0.97296601
                   1.648                      -1.0202478
                   1.651                      -1.0655472
                   1.654                      -1.1089747
               1.6569999                      -1.1510993
                    1.66                       -1.192979
                   1.663                      -1.2361516
                   1.666                      -1.2826145
                   1.669                      -1.3347656
               1.6720001                      -1.3953426
                   1.675                      -1.4673503
                   1.678                      -1.5539862
                   1.681                      -1.6585801
                   1.684                      -1.7845307
                   1.687                      -1.9352699
               1.6900001                      -2.1142231
                   1.693                      -2.3247847
                   1.696                      -2.5702854
                   1.699                      -2.8539602
                   1.702                      -3.1788705
                   1.705                      -3.5477989
               1.7079999                      -3.9630303
                   1.711                      -4.4259941
                   1.714                      -4.9366628
                   1.717                      -5.4925525
                    1.72                      -6.0871526
                   1.723                      -6.7075881
                   1.726                       -7.331499
                   1.729                      -7.9237515
                   1.732                      -8.4350412
                   1.735                      -8.8062908
                   1.738                      -8.9824525
               1.7410001                      -8.9328757
                   1.744                       -8.665526
                   1.747                      -8.2230912
                    1.75                      -7.6644332
                   1.753                      -7.0458043
                   1.756                      -6.4109549
               1.7589999                      -5.7895827
                   1.762                       -5.199857
                   1.765                      -4.6517798
                   1.768                      -4.1500284
                   1.771                      -3.6959748
                   1.774                      -3.2890006
                   1.777                       -2.927324
                    1.78                      -2.6084946
                   1.783                      -2.3296911
                   1.786                       -2.087887
                   1.789                      -1.8799453
               1.7920001                      -1.7026758
                   1.795                      -1.5528608
                   1.798                      -1.4272869
                   1.801                      -1.3227588
                   1.804                      -1.2361314
                   1.807                      -1.1643456
               1.8099999                      -1.1044683
                   1.813                      -1.0537442
                   1.816                      -1.0096524
                   1.819                     -0.96996268
                   1.822                      -0.9327831
                   1.825                     -0.89660119
               1.8279999                     -0.86030745
                   1.831                     -0.82320019
                   1.834                     -0.78496428
                   1.837                     -0.74563543
                    1.84                     -0.70554454
               1.8430001                     -0.66524813
                   1.846                     -0.62545259
                   1.849                     -0.58694068
                   1.852                     -0.55049749
                   1.855                     -0.51684756
                   1.858                     -0.48660421
               1.8609999                     -0.46022673
                   1.864                     -0.43799831
                   1.867                     -0.42000925
                    1.87                     -0.40615722
                   1.873                      -0.3961594
                   1.876                     -0.38956789
               1.8789999                     -0.38580197
                   1.882                     -0.38418551
                   1.885                      -0.3839827
                   1.888                     -0.38444517
                   1.891                     -0.38485559
               1.8940001                     -0.38456799
                   1.897                     -0.38304675
                     1.9                     -0.37989585
                   1.903                     -0.37487179
                   1.906                     -0.36790092
                   1.909                     -0.35906718
               1.9119999                      -0.3486038
                   1.915                     -0.33686624
                   1.918                     -0.32430287
                   1.921                     -0.31141713
                   1.924                     -0.29873402
                   1.927                     -0.28675756
               1.9299999                     -0.27594625
                   1.933                     -0.26667725
                   1.936                     -0.25922982
                   1.939                     -0.25376759
                   1.942                     -0.25033707
               1.9450001                     -0.24886143
                   1.948                     -0.24915414
                   1.951                     -0.25093162
                   1.954                     -0.25383234
                   1.957                      -0.2574442
                    1.96                       -0.261327
               1.9630001                     -0.26504583
                   1.966                     -0.26819659
                   1.969                     -0.27043168
                   1.972                     -0.27148146
                   1.975                      -0.2711701
                   1.978                     -0.26942497
               1.9809999                     -0.26627739
                   1.984                     -0.26185723
                   1.987                     -0.25638309
                    1.99                     -0.25014068
                   1.993                     -0.24346489
               1.9960001                     -0.23671372
                   1.999                     -0.23024332
               2.0020001                      -0.2243862
               2.0050001                     -0.21942796
               2.0079999                     -0.21559296
               2.0109999                     -0.21302926
               2.0139999                     -0.21180107
                   2.017                     -0.21188939
                    2.02                      -0.2131921
                   2.023                     -0.21553392
                   2.026                     -0.21867832
                   2.029                      -0.2223468
               2.0320001                     -0.22623177
               2.0350001                     -0.23002371
               2.0380001                      -0.2334275
               2.0409999                     -0.23618095
               2.0439999                     -0.23807584
               2.0469999                     -0.23896539
                    2.05                     -0.23877841
                   2.053                     -0.23751684
                   2.056                     -0.23525803
                   2.059                     -0.23214591
                   2.062                     -0.22838109
               2.0650001                     -0.22420283
               2.0680001                     -0.21987702
               2.0710001                       -0.215673
               2.0739999                      -0.2118458
               2.0769999                     -0.20862529
               2.0799999                     -0.20619596
               2.0829999                     -0.20468698
                   2.086                     -0.20416712
                   2.089                     -0.20464067
                   2.092                     -0.20604661
                   2.095                     -0.20826659
                   2.098                     -0.21113134
               2.1010001                     -0.21443361
               2.1040001                     -0.21794262
               2.1070001                     -0.22141828
               2.1099999                     -0.22462732
               2.1129999                     -0.22736001
               2.1159999                     -0.22944313
                   2.119                     -0.23074968
                   2.122                     -0.23120876
                   2.125                     -0.23080913
                   2.128                     -0.22959724
                   2.131                     -0.22767365
               2.1340001                     -0.22518598
               2.1370001                     -0.22231997
               2.1400001                     -0.21928052
               2.1429999                     -0.21628324
               2.1459999                      -0.2135388
               2.1489999                      -0.2112354
                   2.152                     -0.20953132
                   2.155                     -0.20854301
                   2.158                     -0.20833807
                   2.161                     -0.20893367
                   2.164                     -0.21029295
               2.1670001                     -0.21233044
               2.1700001                     -0.21491798
               2.1730001                     -0.21789414
               2.1760001                     -0.22107343
               2.1789999                     -0.22426097
               2.1819999                     -0.22726359
               2.1849999                     -0.22990428
                   2.188                     -0.23203267
                   2.191                     -0.23353614
                   2.194                      -0.2343445
                   2.197                     -0.23443847
                     2.2                     -0.23384334
               2.2030001                     -0.23263573
               2.2060001                     -0.23092905
               2.2090001                     -0.22887066
               2.2119999                     -0.22663017
               2.2149999                     -0.22438666
               2.2179999                     -0.22231744
                   2.221                      -0.2205861
                   2.224                     -0.21933319
                   2.227                     -0.21866463
                    2.23                     -0.21864748
                   2.233                     -0.21930571
               2.2360001                     -0.22061746
               2.2390001                     -0.22251961
               2.2420001                     -0.22491255
               2.2449999                      -0.2276619
               2.2479999                     -0.23061397
               2.2509999                     -0.23360431
               2.2539999                     -0.23646588
                   2.257                     -0.23904473
                    2.26                      -0.2412058
                   2.263                     -0.24284455
                   2.266                     -0.24389443
               2.2690001                     -0.24432688
               2.2720001                     -0.24415928
               2.2750001                     -0.24344559
               2.2780001                     -0.24228001
               2.2809999                     -0.24078348
               2.2839999                     -0.23910031
               2.2869999                     -0.23738482
                    2.29                     -0.23579218
                   2.293                     -0.23447058
                   2.296                     -0.23354457
                   2.299                     -0.23311552
                   2.302                     -0.23324882
               2.3050001                     -0.23397373
               2.3080001                     -0.23527918
               2.3110001                     -0.23711754
               2.3139999                     -0.23940512
               2.3169999                     -0.24203123
               2.3199999                     -0.24486112
                   2.323                     -0.24775137
                   2.326                     -0.25055455
                   2.329                     -0.25312918
                   2.332                      -0.2553538
                   2.335                      -0.2571287
               2.3380001                     -0.25838711
               2.3410001                     -0.25909862
               2.3440001                     -0.25926816
               2.3469999                     -0.25894071
               2.3499999                      -0.2581919
               2.3529999                     -0.25712797
               2.3559999                     -0.25587408
                   2.359                     -0.25456804
                   2.362                     -0.25334972
                   2.365                     -0.25235476
                   2.368                       -0.251701
               2.3710001                     -0.25148397
               2.3740001                     -0.25176948
               2.3770001                      -0.2525902
               2.3800001                     -0.25394248
               2.3829999                     -0.25578966
               2.3859999                     -0.25806127
               2.3889999                     -0.26066006
                   2.392                     -0.26346723
                   2.395                     -0.26635163
                   2.398                     -0.26917954
                   2.401                     -0.27181879
                   2.404                     -0.27415443
               2.4070001                     -0.27609223
               2.4100001                     -0.27756488
               2.4130001                     -0.27853753
               2.4159999                      -0.2790109
               2.4189999                     -0.27901863
               2.4219999                     -0.27862745
                   2.425                      -0.2779312
                   2.428                     -0.27704255
                   2.431                     -0.27608893
                   2.434                     -0.27520109
                   2.437                      -0.2745066
               2.4400001                     -0.27411729
               2.4430001                     -0.27412747
               2.4460001                     -0.27460285
               2.4489999                      -0.2755792
               2.4519999                     -0.27705981
               2.4549999                     -0.27901374
               2.4579999                     -0.28137883
                   2.461                     -0.28406884
                   2.464                     -0.28697318
                   2.467                     -0.28997088
                    2.47                     -0.29293347
                   2.473                     -0.29573692
               2.4760001                     -0.29826821
               2.4790001                     -0.30043445
               2.4820001                     -0.30216773
               2.4849999                     -0.30343072
               2.4879999                     -0.30421912
               2.4909999                      -0.3045606
                   2.494                     -0.30451456
                   2.497                     -0.30416748
                     2.5                     -0.30362531
                   2.503                     -0.30300944
                   2.506                     -0.30244529
               2.5090001                     -0.30205631
               2.5120001                     -0.30195473
               2.5150001                     -0.30223335
               2.5179999                     -0.30296012
               2.5209999                     -0.30417366
               2.5239999                     -0.30588241
                   2.527                     -0.30805921
                    2.53                     -0.31064971
                   2.533                     -0.31357076
                   2.536                      -0.3167189
                   2.539                     -0.31997533
               2.5420001                     -0.32321497
               2.5450001                     -0.32631514
               2.5480001                     -0.32916369
               2.5510001                      -0.3316661
               2.5539999                     -0.33375314
               2.5569999                     -0.33538391
               2.5599999                     -0.33654806
                   2.563                     -0.33727121
                   2.566                     -0.33760851
                   2.569                     -0.33764276
                   2.572                     -0.33747884
                   2.575                      -0.3372345
               2.5780001                     -0.33703657
               2.5810001                     -0.33700933
               2.5840001                     -0.33726643
               2.5869999                     -0.33790338
               2.5899999                     -0.33899284
               2.5929999                     -0.34057715
                   2.596                     -0.34266736
                   2.599                     -0.34524218
                   2.602                     -0.34824815
                   2.605                     -0.35160489
                   2.608                     -0.35520928
               2.6110001                     -0.35894182
               2.6140001                     -0.36267645
               2.6170001                     -0.36628619
               2.6199999                     -0.36965752
               2.6229999                      -0.3726898
               2.6259999                     -0.37530887
               2.6289999                      -0.3774703
                   2.632                     -0.37916195
                   2.635                     -0.38040607
                   2.638                      -0.3812574
                   2.641                     -0.38179925
               2.6440001                     -0.38213732
               2.6470001                     -0.38239632
               2.6500001                     -0.38270599
               2.6530001                     -0.38319844
               2.6559999                       -0.383991
               2.6589999                     -0.38519013
               2.6619999                      -0.3868717
                   2.665                     -0.38908388
                   2.668                     -0.39184279
                   2.671                     -0.39512792
                   2.674                     -0.39888497
                   2.677                     -0.40303266
               2.6800001                     -0.40746348
               2.6830001                     -0.41205034
               2.6860001                     -0.41666056
               2.6889999                     -0.42115979
               2.6919999                     -0.42542269
               2.6949999                     -0.42934222
                   2.698                      -0.4328378
                   2.701                     -0.43585943
                   2.704                     -0.43839353
                   2.707                     -0.44046194
                    2.71                      -0.4421233
               2.7130001                     -0.44346839
               2.7160001                     -0.44461413
               2.7190001                     -0.44569514
               2.7219999                     -0.44685642
               2.7249999                     -0.44824418
               2.7279999                     -0.44999321
               2.7309999                     -0.45221825
                   2.734                     -0.45500965
                   2.737                     -0.45842346
                    2.74                     -0.46247841
                   2.743                     -0.46715744
               2.7460001                     -0.47240049
               2.7490001                     -0.47811765
               2.7520001                     -0.48418914
               2.7550001                     -0.49047467
               2.7579999                     -0.49682359
               2.7609999                     -0.50308263
               2.7639999                     -0.50911166
                   2.767                     -0.51478879
                    2.77                     -0.52002199
                   2.773                     -0.52475537
                   2.776                     -0.52897522
                   2.779                     -0.53271101
               2.7820001                     -0.53603358
               2.7850001                     -0.53905434
               2.7880001                     -0.54191362
               2.7909999                     -0.54477772
               2.7939999                     -0.54782308
               2.7969999                     -0.55122869
                     2.8                     -0.55516224
                   2.803                     -0.55976743
                   2.806                     -0.56515868
                   2.809                     -0.57140984
                   2.812                     -0.57855003
               2.8150001                     -0.58656048
               2.8180001                     -0.59537615
               2.8210001                     -0.60489093
               2.8239999                     -0.61496191
               2.8269999                     -0.62541962
               2.8299999                     -0.63608172
               2.8329999                     -0.64676504
                   2.836                      -0.6572988
                   2.839                     -0.66753964
                   2.842                     -0.67738142
                   2.845                     -0.68676884
                   2.848                     -0.69569987
               2.8510001                     -0.70423325
               2.8540001                     -0.71248485
               2.8570001                     -0.72062691
               2.8599999                     -0.72887411
               2.8629999                     -0.73747781
               2.8659999                     -0.74670812
                   2.869                     -0.75683998
                   2.872                     -0.76813592
                   2.875                      -0.7808326
                   2.878                     -0.79512414
                   2.881                     -0.81115274
               2.8840001                     -0.82899882
               2.8870001                      -0.8486794
               2.8900001                       -0.870145
               2.8929999                     -0.89328882
               2.8959999                     -0.91795475
               2.8989999                     -0.94395054
                   2.902                     -0.97106988
                   2.905                      -0.9991085
                   2.908                      -1.0278928
                   2.911                       -1.057301
                   2.914                      -1.0872854
               2.9170001                      -1.1178938
               2.9200001                      -1.1492846
               2.9230001                      -1.1817338
               2.9260001                       -1.215643
               2.9289999                      -1.2515324
               2.9319999                      -1.2900264
               2.9349999                      -1.3318405
                   2.938                      -1.3777481
                   2.941                      -1.4285588
                   2.944                      -1.4850749
                   2.947                      -1.5480566
                    2.95                      -1.6181818
               2.9530001                      -1.6959997
               2.9560001                      -1.7818875
               2.9590001                      -1.8760095
               2.9619999                       -1.978266
               2.9649999                      -2.0882551
               2.9679999                      -2.2052249
                   2.971                      -2.3280414
                   2.974                      -2.4551572
                   2.977                      -2.5845929
                    2.98                       -2.713943
                   2.983                      -2.8404092
               2.9860001                      -2.9608587
               2.9890001                      -3.0719401
               2.9920001                      -3.1702257
               2.9949999                      -3.2524104
               2.9979999                      -3.3155219
               3.0009999                      -3.3571516
               3.0039999                      -3.3756493
                   3.007                      -3.3702737
                    3.01                      -3.3412614
                   3.013                       -3.289807
                   3.016                      -3.2179573
               3.0190001                       -3.128435
               3.0220001                      -3.0244274
               3.0250001                       -2.909361
               3.0280001                      -2.7866941
               3.0309999                      -2.6597423
               3.0339999                       -2.531549
               3.0369999                      -2.4047965
                    3.04                      -2.2817539
                   3.043                      -2.1642661
                   3.046                      -2.0537509
                   3.049                      -1.9512262
                   3.052                      -1.8573408
               3.0550001                      -1.7724123
               3.0580001                      -1.6964695
               3.0610001                      -1.6292901
               3.0639999                      -1.5704513
               3.0669999                       -1.519364
               3.0699999                      -1.4753179
                   3.073                      -1.4375237
                   3.076                      -1.4051473
                   3.079                      -1.3773492
                   3.082                       -1.353319
                   3.085                       -1.332304
               3.0880001                      -1.3136326
               3.0910001                      -1.2967404
               3.0940001                      -1.2811756
               3.0969999                      -1.2666089
               3.0999999                      -1.2528321
               3.1029999                      -1.2397506
               3.1059999                      -1.2273685
                   3.109                      -1.2157721
                   3.112                      -1.2051077
                   3.115                       -1.195561
                   3.118                      -1.1873304
               3.1210001                      -1.1806095
               3.1240001                       -1.175564
               3.1270001                      -1.1723224
               3.1300001                      -1.1709579
               3.1329999                      -1.1714859
               3.1359999                      -1.1738592
               3.1389999                      -1.1779737
                   3.142                      -1.1836708
                   3.145                      -1.1907474
                   3.148                      -1.1989709
                   3.151                      -1.2080902
                   3.154                       -1.217855
               3.1570001                      -1.2280244
               3.1600001                      -1.2383857
               3.1630001                      -1.2487682
               3.1659999                      -1.2590457
               3.1689999                      -1.2691486
               3.1719999                      -1.2790607
                   3.175                      -1.2888253
                   3.178                      -1.2985311
                   3.181                      -1.3083105
                   3.184                      -1.3183272
                   3.187                      -1.3287638
               3.1900001                      -1.3398073
               3.1930001                      -1.3516399
               3.1960001                      -1.3644255
               3.1989999                      -1.3782966
               3.2019999                      -1.3933513
               3.2049999                      -1.4096452
               3.2079999                      -1.4271908
                   3.211                      -1.4459538
                   3.214                      -1.4658626
                   3.217                      -1.4868101
                    3.22                      -1.5086628
                   3.223                      -1.5312722
               3.2260001                      -1.5544837
               3.2290001                      -1.5781465
               3.2320001                      -1.6021294
               3.2349999                      -1.6263227
               3.2379999                      -1.6506541
               3.2409999                      -1.6750877
                   3.244                      -1.6996302
                   3.247                      -1.7243292
                    3.25                      -1.7492742
                   3.253                      -1.7745857
                   3.256                      -1.8004158
               3.2590001                      -1.8269295
               3.2620001                      -1.8543042
               3.2650001                      -1.8827159
               3.2679999                       -1.912328
               3.2709999                      -1.9432845
               3.2739999                       -1.975702
                   3.277                      -2.0096669
                    3.28                      -2.0452292
                   3.283                      -2.0823983
                   3.286                      -2.1211569
                   3.289                      -2.1614493
               3.2920001                      -2.2031985
               3.2950001                      -2.2463083
               3.2980001                      -2.2906738
               3.3010001                      -2.3361911
               3.3039999                       -2.382763
               3.3069999                      -2.4303136
               3.3099999                        -2.47879
                   3.313                      -2.5281765
                   3.316                       -2.578487
                   3.319                      -2.6297803
                   3.322                      -2.6821499
                   3.325                      -2.7357254
               3.3280001                      -2.7906677
               3.3310001                      -2.8471624
               3.3340001                      -2.9054102
               3.3369999                      -2.9656226
               3.3399999                       -3.028007
               3.3429999                      -3.0927625
                   3.346                      -3.1600714
                   3.349                      -3.2300907
                   3.352                      -3.3029491
                   3.355                      -3.3787443
                   3.358                      -3.4575401
               3.3610001                      -3.5393661
               3.3640001                      -3.6242245
               3.3670001                       -3.712095
               3.3699999                      -3.8029343
               3.3729999                      -3.8966916
               3.3759999                      -3.9933142
               3.3789999                      -4.0927532
                   3.382                      -4.1949761
                   3.385                      -4.2999696
                   3.388                      -4.4077501
                   3.391                      -4.5183669
               3.3940001                       -4.631903
               3.3970001                      -4.7484779
               3.4000001                       -4.868245
               3.4030001                      -4.9913855
               3.4059999                       -5.118108
               3.4089999                       -5.248632
               3.4119999                      -5.3831878
                   3.415                      -5.5219999
                   3.418                      -5.6652781
                   3.421                      -5.8132042
                   3.424                      -5.9659283
                   3.427                      -6.1235509
               3.4300001                      -6.2861163
               3.4330001                       -6.453603
               3.4360001                       -6.625919
               3.4389999                      -6.8028907
               3.4419999                      -6.9842624
               3.4449999                      -7.1696847
                   3.448                      -7.3587185
                   3.451                      -7.5508265
                   3.454                      -7.7453686
                   3.457                      -7.9416005
                    3.46                      -8.1386731
               3.4630001                      -8.3356228
               3.4660001                      -8.5313703
               3.4690001                      -8.7247208
               3.4719999                      -8.9143595
               3.4749999                      -9.0988541
               3.4779999                      -9.2766584
               3.4809999                      -9.4461227
                   3.484                      -9.6055174
                   3.487                      -9.7530532
                    3.49                      -9.8869204
                   3.493                      -10.005342
               3.4960001                      -10.106626
               3.4990001                      -10.189231
               3.5020001                      -10.251838
               3.5050001                      -10.293409
               3.5079999                      -10.313251
               3.5109999                      -10.311048
               3.5139999                      -10.286886
                   3.517                      -10.241246
                    3.52                      -10.174981
                   3.523                      -10.089267
                   3.526                      -9.9855387
                   3.529                       -9.865425
               3.5320001                      -9.7306693
               3.5350001                      -9.5830673
               3.5380001                      -9.4244012
               3.5409999                      -9.2563952
               3.5439999                      -9.0806792
               3.5469999                      -8.8987677
                    3.55                      -8.7120428
                   3.553                      -8.5217561
                   3.556                      -8.3290311
                   3.559                       -8.134872
                   3.562                      -7.9401756
               3.5650001                      -7.7457448
               3.5680001                      -7.5522976
               3.5710001                      -7.3604813
               3.5739999                      -7.1708793
               3.5769999                      -6.9840166
               3.5799999                      -6.8003683
               3.5829999                      -6.6203567
                   3.586                      -6.4443529
                   3.589                      -6.2726784
                   3.592                      -6.1056004
                   3.595                      -5.9433294
                   3.598                      -5.7860197
               3.6010001                      -5.6337668
               3.6040001                      -5.4866042
               3.6070001                      -5.3445089
               3.6099999                      -5.2074011
               3.6129999                      -5.0751468
               3.6159999                      -4.9475703
                   3.619                      -4.8244496
                   3.622                       -4.705538
                   3.625                      -4.5905647
                   3.628                      -4.4792508
                   3.631                      -4.3713172
               3.6340001                      -4.2664975
               3.6370001                      -4.1645476
               3.6400001                      -4.0652527
               3.6429999                      -3.9684364
               3.6459999                      -3.8739655
               3.6489999                      -3.7817521
                   3.652                      -3.6917518
                   3.655                      -3.6039635
                   3.658                      -3.5184225
                   3.661                      -3.4351945
                   3.664                      -3.3543651
               3.6670001                      -3.2760303
               3.6700001                      -3.2002841
               3.6730001                      -3.1272144
               3.6760001                      -3.0568844
               3.6789999                      -2.9893315
               3.6819999                      -2.9245546
               3.6849999                       -2.862516
                   3.688                      -2.8031349
                   3.691                      -2.7462866
                   3.694                      -2.6918121
                   3.697                      -2.6395145
                     3.7                      -2.5891745
               3.7030001                      -2.5405548
               3.7060001                      -2.4934138
               3.7090001                      -2.4475134
               3.7119999                      -2.4026342
               3.7149999                      -2.3585831
               3.7179999                      -2.3152037
                   3.721                       -2.272382
                   3.724                      -2.2300528
                   3.727                      -2.1882014
                    3.73                       -2.146859
                   3.733                       -2.106102
               3.7360001                      -2.0660427
               3.7390001                      -2.0268212
               3.7420001                      -1.9885926
               3.7449999                      -1.9515179
               3.7479999                      -1.9157484
               3.7509999                      -1.8814178
               3.7539999                       -1.848628
                   3.757                      -1.8174445
                    3.76                      -1.7878872
                   3.763                       -1.759927
                   3.766                      -1.7334877
               3.7690001                      -1.7084482
               3.7720001                      -1.6846436
               3.7750001                      -1.6618803
               3.7780001                       -1.639941
               3.7809999                      -1.6185992
               3.7839999                      -1.5976302
               3.7869999                      -1.5768273
                    3.79                      -1.5560111
                   3.793                      -1.5350394
                   3.796                      -1.5138201
                   3.799                      -1.4923134
                   3.802                      -1.4705337
               3.8050001                      -1.4485476
               3.8080001                      -1.4264727
               3.8110001                      -1.4044646
               3.8139999                      -1.3827098
               3.8169999                       -1.361409
               3.8199999                      -1.3407677
                   3.823                      -1.3209801
                   3.826                      -1.3022126
                   3.829                      -1.2845994
                   3.832                      -1.2682265
                   3.835                      -1.2531273
               3.8380001                      -1.2392787
               3.8410001                      -1.2266033
               3.8440001                      -1.2149681
               3.8469999                       -1.204198
               3.8499999                      -1.1940795
               3.8529999                      -1.1843766
               3.8559999                      -1.1748459
                   3.859                      -1.1652486
                   3.862                      -1.1553689
                   3.865                      -1.1450248
                   3.868                       -1.134084
               3.8710001                        -1.12247
               3.8740001                      -1.1101669
               3.8770001                      -1.0972253
               3.8800001                      -1.0837535
               3.8829999                       -1.069914
               3.8859999                      -1.0559114
               3.8889999                      -1.0419804
                   3.892                      -1.0283679
                   3.895                      -1.0153187
                   3.898                      -1.0030584
                   3.901                     -0.99177734
                   3.904                     -0.98161927
               3.9070001                     -0.97266944
               3.9100001                     -0.96495004
               3.9130001                     -0.95841811
               3.9159999                     -0.95296169
               3.9189999                     -0.94841385
               3.9219999                     -0.94455394
                   3.925                     -0.94112796
                   3.928                     -0.93785899
                   3.931                     -0.93446614
                   3.934                     -0.93068688
                   3.937                     -0.92628676
               3.9400001                     -0.92108242
               3.9430001                     -0.91495001
               3.9460001                     -0.90783928
               3.9489999                     -0.89977057
               3.9519999                     -0.89084223
               3.9549999                     -0.88121709
               3.9579999                     -0.87112024
                   3.961                     -0.86081522
                   3.964                     -0.85059561
                   3.967                     -0.84075934
                    3.97                     -0.83159154
                   3.973                     -0.82334657
               3.9760001                     -0.81622817
               3.9790001                     -0.81037781
               3.9820001                     -0.80586554
               3.9849999                     -0.80267975
               3.9879999                     -0.80073119
               3.9909999                     -0.79985742
                   3.994                     -0.79982612
                   3.997                      -0.8003555
                       4                     -0.80112727

