        Frequency / GHz                VSWR1/abs,linear
----------------------------------------------------------------------
                       1                       126.70838
                   1.003                        131.7868
                   1.006                       139.22359
               1.0089999                       149.11825
                   1.012                       161.48848
                   1.015                       176.12267
                   1.018                       192.37097
                   1.021                       208.90826
                   1.024                       223.63457
                   1.027                       233.95932
                    1.03                       237.59977
                   1.033                       233.63585
                   1.036                       222.97116
                   1.039                        207.8707
               1.0420001                       190.93052
                   1.045                       174.25285
                   1.048                       159.15507
                   1.051                       146.27473
                   1.054                       135.79839
                   1.057                       127.67527
               1.0599999                       121.76013
                   1.063                       117.89238
                   1.066                       115.94042
                   1.069                       115.81635
                   1.072                       117.47728
                   1.075                       120.92124
               1.0779999                       126.16471
                   1.081                       133.21086
                   1.084                        141.9934
                   1.087                       152.29255
                    1.09                       163.62048
               1.0930001                       175.11458
                   1.096                       185.50315
                   1.099                       193.24439
                   1.102                       196.92474
                   1.105                       195.76255
                   1.108                       189.94266
               1.1109999                       180.54704
                   1.114                       169.09481
                   1.117                       157.05508
                    1.12                        145.5461
                   1.123                       135.26288
                   1.126                       126.55711
               1.1289999                       119.55126
                   1.132                       114.24111
                   1.135                       110.56757
                   1.138                       108.45841
                   1.141                       107.85497
               1.1440001                       108.71652
                   1.147                       111.02017
                    1.15                       114.74937
                   1.153                       119.86865
                   1.156                       126.29015
                   1.159                       133.81823
               1.1619999                       142.08615
                   1.165                       150.49701
                   1.168                       158.20808
                   1.171                       164.21434
                   1.174                       167.55996
                   1.177                       167.61729
               1.1799999                       164.33017
                   1.183                       158.22038
                   1.186                       150.20514
                   1.189                       141.30172
                   1.192                       132.39054
               1.1950001                       124.10916
                   1.198                       116.84982
                   1.201                       110.81362
                   1.204                       106.07486
                   1.207                       102.63974
                    1.21                       100.48099
               1.2130001                       99.564191
                   1.216                       99.857576
                   1.219                       101.33275
                   1.222                       103.96002
                   1.225                       107.69272
                   1.228                       112.44212
               1.2309999                       118.04367
                   1.234                       124.21747
                   1.237                       130.53189
                    1.24                       136.39918
                   1.243                       141.12409
               1.2460001                       144.02153
                   1.249                       144.60218
                   1.252                       142.71639
                   1.255                        138.6155
                   1.258                       132.85995
                   1.261                       126.15583
               1.2640001                       119.17851
                   1.267                       112.47029
                    1.27                       106.40672
                   1.273                       101.21559
                   1.276                       97.011545
                   1.279                       93.838816
               1.2819999                       91.700735
                   1.285                       90.582212
                   1.288                       90.460288
                   1.291                       91.308037
                   1.294                        93.09372
               1.2970001                       95.768474
                     1.3                       99.251106
                   1.303                        103.4055
                   1.306                       108.01642
                   1.309                       112.76508
                   1.312                       117.22747
               1.3150001                        120.9041
                   1.318                       123.29732
                   1.321                       124.02235
                   1.324                       122.91361
                   1.327                       120.07868
                    1.33                       115.86436
               1.3329999                       110.75714
                   1.336                       105.26487
                   1.339                       99.829749
                   1.342                       94.784296
                   1.345                       90.350194
                   1.348                       86.656626
                   1.351                       83.766911
                   1.354                       81.702774
                   1.357                       80.462554
                    1.36                       80.031084
                   1.363                       80.385208
               1.3660001                       81.493679
                   1.369                       83.309576
                   1.372                       85.762489
                   1.375                        88.74066
                   1.378                        92.07711
                   1.381                       95.534324
               1.3839999                       98.805288
                   1.387                        101.5293
                    1.39                       103.34526
                   1.393                       103.96042
                   1.396                       103.22729
                   1.399                       101.18201
                   1.402                       98.037378
                   1.405                       94.125874
                   1.408                       89.816848
                   1.411                       85.454823
                   1.414                       81.313716
               1.4170001                       77.589165
                    1.42                       74.404677
                   1.423                       71.828275
                   1.426                       69.889982
                   1.429                       68.594346
                   1.432                       67.931891
               1.4349999                       67.882115
                   1.438                        68.41551
                   1.441                       69.489435
                   1.444                       71.043018
                   1.447                       72.985678
                    1.45                        75.18992
               1.4529999                       77.482062
                   1.456                       79.643149
                   1.459                       81.423303
                   1.462                       82.570985
                   1.465                       82.881983
               1.4680001                       82.242507
                   1.471                       80.662082
                   1.474                       78.270671
                   1.477                       75.286046
                    1.48                        71.96447
                   1.483                       68.552973
               1.4859999                       65.258538
                   1.489                       62.235388
                   1.492                       59.585577
                   1.495                       57.368505
                   1.498                       55.612259
                   1.501                       54.322534
               1.5039999                       53.490727
                   1.507                       53.097923
                    1.51                       53.115818
                   1.513                       53.505941
                   1.516                        54.21612
               1.5190001                       55.175578
                   1.522                       56.290671
                   1.525                       57.441772
                   1.528                       58.486486
                   1.531                       59.268143
                   1.534                       59.636041
               1.5369999                       59.471345
                    1.54                        58.71081
                   1.543                       57.364041
                   1.546                       55.510841
                   1.549                       53.283018
                   1.552                       50.836737
               1.5549999                        48.32541
                   1.558                       45.880165
                   1.561                       43.600247
                   1.564                       41.552686
                   1.567                       39.776507
               1.5700001                       38.288733
                   1.573                       37.090344
                   1.576                       36.170856
                   1.579                        35.51138
                   1.582                       35.085847
                   1.585                       34.861095
               1.5880001                       34.796038
                   1.591                       34.840794
                   1.594                       34.935702
                   1.597                       35.012831
                     1.6                       34.998923
                   1.603                       34.822479
               1.6059999                       34.422649
                   1.609                       33.759377
                   1.612                       32.821556
                   1.615                       31.629331
                   1.618                       30.230352
               1.6210001                        28.69016
                   1.624                       27.080564
                   1.627                       25.468908
                    1.63                       23.910851
                   1.633                       22.447248
                   1.636                       21.103844
               1.6390001                       19.893442
                   1.642                       18.818365
                   1.645                       17.873122
                   1.648                       17.046592
                   1.651                       16.323595
                   1.654                       15.685994
               1.6569999                        15.11355
                    1.66                       14.584565
                   1.663                       14.076826
                   1.666                        13.56864
                   1.669                       13.040456
               1.6720001                       12.476594
                   1.675                       11.867019
                   1.678                       11.208653
                   1.681                       10.505692
                   1.684                       9.7688664
                   1.687                       9.0135155
               1.6900001                       8.2571536
                   1.693                       7.5169803
                   1.696                       6.8079441
                   1.699                       6.1415671
                   1.702                       5.5256257
                   1.705                       4.9643823
               1.7079999                       4.4592395
                   1.711                       4.0095057
                   1.714                       3.6131513
                   1.717                       3.2674845
                    1.72                       2.9696998
                   1.723                        2.717315
                   1.726                       2.5085074
                   1.729                       2.3423427
                   1.732                       2.2188429
                   1.735                       2.1388068
                   1.738                       2.1033296
               1.7410001                       2.1131603
                   1.744                       2.1682813
                   1.747                       2.2680393
                    1.75                       2.4117375
                   1.753                        2.599286
                   1.756                       2.8316144
               1.7589999                       3.1108013
                   1.762                       3.4400037
                   1.765                       3.8232727
                   1.768                       4.2652726
                   1.771                       4.7708948
                   1.774                       5.3447402
                   1.777                       5.9904188
                    1.78                       6.7096725
                   1.783                       7.5013368
                   1.786                       8.3602923
                   1.789                       9.2766218
               1.7920001                       10.235285
                   1.795                       11.216733
                   1.798                       12.198564
                   1.801                       13.158363
                   1.804                       14.077055
                   1.807                       14.942114
               1.8099999                       15.749823
                   1.813                        16.50598
                   1.816                       17.225072
                   1.819                       17.928348
                   1.822                       18.641495
                   1.825                       19.392348
               1.8279999                        20.20903
                   1.831                       21.118533
                   1.834                       22.145722
                   1.837                       23.312259
                    1.84                        24.63534
               1.8430001                       26.125997
                   1.846                       27.786734
                   1.849                       29.608425
                   1.852                       31.567072
                   1.855                       33.620948
                   1.858                       35.709355
               1.8609999                       37.754964
                   1.864                       39.670154
                   1.867                       41.368527
                    1.87                       42.778865
                   1.873                        43.85808
                   1.876                       44.599906
               1.8789999                       45.035113
                   1.882                       45.224536
                   1.885                       45.248414
                   1.888                       45.194001
                   1.891                        45.14582
               1.8940001                       45.179572
                   1.897                       45.358941
                     1.9                       45.735031
                   1.903                       46.347781
                   1.906                       47.225694
                   1.909                       48.387193
               1.9119999                       49.839133
                   1.915                       51.575238
                   1.918                       53.572752
                   1.921                       55.788968
                   1.924                       58.157057
                   1.927                       60.585523
               1.9299999                       62.958783
                   1.933                       65.146704
                   1.936                       67.018018
                   1.939                       68.460337
                   1.942                       69.398358
               1.9450001                       69.809803
                   1.948                       69.727802
                   1.951                       69.233952
                   1.954                       68.442878
                   1.957                       67.482782
                    1.96                        66.48027
               1.9630001                       65.547635
                   1.966                       64.777706
                   1.969                       64.242408
                   1.972                       63.994032
                   1.975                         64.0675
                   1.978                       64.482413
               1.9809999                       65.244518
                   1.984                       66.345675
                   1.987                       67.762038
                    1.99                       69.452838
                   1.993                        71.35697
               1.9960001                       73.391836
                   1.999                       75.454073
               2.0020001                       77.423413
               2.0050001                       79.172697
               2.0079999                       80.580883
               2.0109999                       81.550535
               2.0139999                        82.02338
                   2.017                       81.989195
                    2.02                       81.488253
                   2.023                       80.602955
                   2.026                       79.444077
                   2.029                       78.133475
               2.0320001                       76.791872
               2.0350001                       75.526104
               2.0380001                       74.424929
               2.0409999                       73.557371
               2.0439999                       72.971986
               2.0469999                       72.700381
                    2.05                       72.757303
                   2.053                       73.143705
                   2.056                         73.8459
                   2.059                       74.835751
                   2.062                       76.069257
               2.0650001                       77.486729
               2.0680001                       79.011017
               2.0710001                       80.550982
               2.0739999                       82.006063
               2.0769999                       83.271853
               2.0799999                       84.252839
               2.0829999                       84.873906
                   2.086                       85.089995
                   2.089                       84.893111
                   2.092                       84.313901
                   2.095                        83.41526
                   2.098                       82.283543
               2.1010001                       81.016504
               2.1040001                       79.712223
               2.1070001                       78.461091
               2.1099999                       77.340313
               2.1129999                       76.410849
               2.1159999                       75.717192
                   2.119                       75.288515
                   2.122                       75.139043
                   2.125                       75.269125
                   2.128                       75.666374
                   2.131                       76.305597
               2.1340001                       77.148463
               2.1370001                       78.142901
               2.1400001                       79.225923
               2.1429999                       80.323731
               2.1459999                       81.355961
               2.1489999                       82.243012
                   2.152                       82.911813
                   2.155                       83.304705
                   2.158                        83.38664
                   2.161                       83.148957
                   2.164                       82.611558
               2.1670001                       81.818907
               2.1700001                       80.833932
               2.1730001                       79.729956
               2.1760001                        78.58347
               2.1789999                       77.466641
               2.1819999                       76.443264
               2.1849999                       75.565333
                   2.188                        74.87227
                   2.191                       74.390311
                   2.194                       74.133734
                   2.197                       74.104024
                     2.2                       74.292595
               2.2030001                         74.6782
               2.2060001                       75.230044
               2.2090001                        75.90656
               2.2119999                       76.656895
               2.2149999                       77.423254
               2.2179999                       78.143792
                   2.221                       78.757063
                   2.224                       79.206901
                   2.227                       79.449047
                    2.23                       79.455281
                   2.233                       79.216825
               2.2360001                       78.745868
               2.2390001                         78.0728
               2.2420001                       77.242244
               2.2449999                       76.309536
               2.2479999                       75.332815
               2.2509999                       74.368604
               2.2539999                       73.468747
                   2.257                       72.676256
                    2.26                       72.025197
                   2.263                       71.539224
                   2.266                       71.231314
               2.2690001                       71.105254
               2.2720001                       71.154055
               2.2750001                       71.362624
               2.2780001                       71.705897
               2.2809999                       72.151511
               2.2839999                       72.659364
               2.2869999                       73.184378
                    2.29                       73.678637
                   2.293                       74.093876
                   2.296                       74.387624
                   2.299                        74.52452
                   2.302                       74.481934
               2.3050001                       74.251198
               2.3080001                       73.839265
               2.3110001                       73.266862
               2.3139999                       72.566865
               2.3169999                       71.779593
               2.3199999                       70.950135
                   2.323                       70.122546
                   2.326                        69.33813
                   2.329                       68.632976
                   2.332                       68.035135
                   2.335                       67.565573
               2.3380001                       67.236561
               2.3410001                       67.051948
               2.3440001                       67.008109
               2.3469999                       67.092832
               2.3499999                       67.287388
               2.3529999                       67.565764
               2.3559999                       67.896818
                   2.359                       68.245106
                   2.362                       68.573238
                   2.365                       68.843564
                   2.368                       69.022351
               2.3710001                       69.081909
               2.3740001                        69.00358
               2.3770001                       68.779403
               2.3800001                       68.413197
               2.3829999                       67.919222
               2.3859999                       67.321442
               2.3889999                       66.650345
                   2.392                        65.94031
                   2.395                       65.226334
                   2.398                       64.541198
                   2.401                       63.914628
                   2.404                       63.370202
               2.4070001                       62.925501
               2.4100001                       62.591699
               2.4130001                       62.373167
               2.4159999                       62.267364
               2.4189999                       62.265638
               2.4219999                       62.353042
                   2.425                       62.509217
                   2.428                       62.709689
                   2.431                       62.926252
                   2.434                       63.129228
                   2.437                       63.288917
               2.4400001                       63.378785
               2.4430001                       63.376433
               2.4460001                       63.266737
               2.4489999                       63.042627
               2.4519999                       62.705783
               2.4549999                       62.266729
               2.4579999                       61.743446
                   2.461                       61.158864
                   2.464                       60.540011
                   2.467                       59.914268
                    2.47                       59.308436
                   2.473                       58.746326
               2.4760001                       58.247864
               2.4790001                       57.827959
               2.4820001                       57.496315
               2.4849999                       57.257043
               2.4879999                       57.108689
               2.4909999                       57.044671
                   2.494                       57.053294
                   2.497                       57.118383
                     2.5                       57.220355
                   2.503                       57.336632
                   2.506                        57.44356
               2.5090001                        57.51752
               2.5120001                       57.536865
               2.5150001                       57.483836
               2.5179999                       57.345965
               2.5209999                       57.117222
               2.5239999                       56.798214
                   2.527                       56.396951
                    2.53                       55.926757
                   2.533                       55.405886
                   2.536                       54.855281
                   2.539                       54.297135
               2.5420001                       53.753029
               2.5450001                       53.242466
               2.5480001                       52.781818
               2.5510001                       52.383677
               2.5539999                       52.056189
               2.5569999                       51.803133
               2.5599999                       51.623986
                   2.563                       51.513326
                   2.566                       51.461873
                   2.569                       51.456654
                   2.572                       51.481642
                   2.575                       51.518932
               2.5780001                        51.54918
               2.5810001                       51.553345
               2.5840001                       51.514057
               2.5869999                       51.416976
               2.5899999                       51.251774
               2.5929999                        51.01342
                   2.596                       50.702326
                   2.599                       50.324286
                   2.602                       49.890018
                   2.605                        49.41385
                   2.608                       48.912575
               2.6110001                       48.404088
               2.6140001                       47.905794
               2.6170001                        47.43382
               2.6199999                       47.001347
               2.6229999                        46.61905
               2.6259999                       46.293822
               2.6289999                       46.028822
                   2.632                       45.823527
                   2.635                       45.673709
                   2.638                       45.571754
                   2.641                       45.507099
               2.6440001                       45.466853
               2.6470001                       45.436067
               2.6500001                       45.399314
               2.6530001                       45.340991
               2.6559999                       45.247437
               2.6589999                       45.106623
               2.6619999                       44.910629
                   2.665                       44.655369
                   2.668                       44.341062
                   2.671                       43.972531
                   2.674                       43.558503
                   2.677                       43.110392
               2.6800001                       42.641772
               2.6830001                       42.167268
               2.6860001                       41.700876
               2.6889999                       41.255559
               2.6919999                       40.842325
               2.6949999                        40.46962
                   2.698                       40.142921
                   2.701                       39.864744
                   2.704                       39.634406
                   2.707                       39.448362
                    2.71                       39.300191
               2.7130001                        39.18104
               2.7160001                       39.080117
               2.7190001                       38.985372
               2.7219999                       38.884102
               2.7249999                        38.76377
               2.7279999                       38.613171
               2.7309999                       38.423268
                   2.734                       38.187655
                   2.737                       37.903408
                    2.74                       37.571231
                   2.743                       37.195098
               2.7460001                       36.782479
               2.7490001                       36.342865
               2.7520001                       35.887376
               2.7550001                       35.427711
               2.7579999                       34.975222
               2.7609999                        34.54032
               2.7639999                       34.131516
                   2.767                       33.755327
                    2.77                       33.415833
                   2.773                       33.114597
                   2.776                        32.85059
                   2.779                       32.620359
               2.7820001                        32.41829
               2.7850001                        32.23674
               2.7880001                        32.06676
               2.7909999                       31.898283
               2.7939999                       31.721076
               2.7969999                       31.525227
                     2.8                       31.302008
                   2.803                       31.044663
                   2.806                       30.748723
                   2.809                       30.412574
                   2.812                       30.037509
               2.8150001                       29.627602
               2.8180001                       29.189245
               2.8210001                       28.730468
               2.8239999                       28.260344
               2.8269999                       27.788198
               2.8299999                       27.322813
               2.8329999                       26.871899
                   2.836                       26.441656
                   2.839                         26.0364
                   2.842                       25.658488
                   2.845                        25.30812
                   2.848                       24.983568
               2.8510001                       24.681161
               2.8540001                       24.395633
               2.8570001                       24.120308
               2.8599999                       23.847701
               2.8629999                       23.569813
               2.8659999                        23.27881
                   2.869                       22.967562
                   2.872                       22.630239
                   2.875                       22.262745
                   2.878                       21.863138
                   2.881                       21.431725
               2.8840001                       20.971036
               2.8870001                       20.485471
               2.8900001                       19.980929
               2.8929999                       19.464128
               2.8959999                        18.94205
               2.8989999                       18.421382
                   2.902                       17.907949
                   2.905                       17.406447
                   2.908                       16.920099
                   2.911                       16.450589
                   2.914                        15.99806
               2.9170001                       15.561185
               2.9200001                       15.137345
               2.9230001                       14.722915
               2.9260001                       14.313517
               2.9289999                       13.904414
               2.9319999                       13.490964
               2.9349999                       13.068984
                   2.938                       12.635246
                   2.941                       12.187752
                   2.944                        11.72606
                   2.947                       11.251358
                    2.95                       10.766402
               2.9530001                       10.275319
               2.9560001                       9.7832562
               2.9590001                       9.2959327
               2.9619999                        8.819243
               2.9649999                       8.3588325
               2.9679999                       7.9198236
                   2.971                       7.5065894
                   2.974                       7.1226756
                   2.977                       6.7708034
                    2.98                       6.4529285
                   2.983                       6.1703479
               2.9860001                       5.9238461
               2.9890001                       5.7138088
               2.9920001                       5.5403627
               2.9949999                        5.403464
               2.9979999                       5.3029959
               3.0009999                       5.2388169
               3.0039999                        5.210814
                   3.007                       5.2189199
                    3.01                       5.2631232
                   3.013                       5.3434609
                   3.016                       5.4599931
               3.0190001                       5.6127654
               3.0220001                       5.8017406
               3.0250001                        6.026716
               3.0280001                       6.2872108
               3.0309999                       6.5823331
               3.0339999                       6.9106218
               3.0369999                       7.2698891
                    3.04                       7.6570773
                   3.043                       8.0681229
                   3.046                       8.4979333
                   3.049                       8.9404153
                   3.052                       9.3886501
               3.0550001                       9.8351923
               3.0580001                       10.272491
               3.0610001                       10.693422
               3.0639999                       11.091765
               3.0669999                       11.462725
               3.0699999                       11.803235
                   3.073                       12.112088
                   3.076                        12.38991
                   3.079                       12.638891
                   3.082                       12.862383
                   3.085                       13.064455
               3.0880001                       13.249426
               3.0910001                        13.42137
               3.0940001                       13.583824
               3.0969999                       13.739484
               3.0999999                       13.890039
               3.1029999                       14.036098
               3.1059999                       14.177221
                   3.109                       14.312001
                   3.112                       14.438242
                   3.115                       14.553166
                   3.118                       14.653733
               3.1210001                       14.736893
               3.1240001                        14.79995
               3.1270001                       14.840749
               3.1300001                       14.857991
               3.1329999                       14.851313
               3.1359999                       14.821378
               3.1389999                       14.769767
                   3.142                       14.698897
                   3.145                       14.611813
                   3.148                       14.511907
                   3.151                       14.402712
                   3.154                       14.287603
               3.1570001                       14.169674
               3.1600001                       14.051516
               3.1630001                       13.935085
               3.1659999                       13.821726
               3.1689999                       13.712086
               3.1719999                       13.606203
                   3.175                       13.503491
                   3.178                        13.40293
                   3.181                        13.30312
                   3.184                       13.202425
                   3.187                       13.099127
               3.1900001                       12.991577
               3.1930001                       12.878297
               3.1960001                       12.758107
               3.1989999                       12.630239
               3.2019999                       12.494348
               3.2049999                       12.350548
               3.2079999                       12.199382
                   3.211                       12.041795
                   3.214                       11.879006
                   3.217                       11.712441
                    3.22                        11.54362
                   3.223                       11.374038
               3.2260001                       11.205084
               3.2290001                       11.037975
               3.2320001                       10.873656
               3.2349999                       10.712819
               3.2379999                       10.555833
               3.2409999                       10.402791
                   3.244                       10.253509
                   3.247                        10.10758
                    3.25                       9.9643928
                   3.253                         9.82323
                   3.256                       9.6832819
               3.2590001                       9.5437598
               3.2620001                       9.4039085
               3.2650001                       9.2630762
               3.2679999                        9.120765
               3.2709999                       8.9766475
               3.2739999                         8.83059
                   3.277                       8.6826365
                    3.28                       8.5330135
                   3.283                       8.3821173
                   3.286                       8.2304269
                   3.289                       8.0785294
               3.2920001                       7.9270302
               3.2950001                       7.7765342
               3.2980001                       7.6276014
               3.3010001                       7.4807143
               3.3039999                       7.3362668
               3.3069999                       7.1945306
               3.3099999                        7.055668
                   3.313                       6.9197112
                   3.316                       6.7866027
                   3.319                        6.656175
                   3.322                       6.5281955
                   3.325                       6.4023788
               3.3280001                       6.2784105
               3.3310001                       6.1559703
               3.3340001                       6.0347602
               3.3369999                       5.9145122
               3.3399999                       5.7950188
               3.3429999                       5.6761331
                   3.346                        5.557777
                   3.349                       5.4399462
                   3.352                       5.3227008
                   3.355                        5.206159
                   3.358                        5.090487
               3.3610001                       4.9758881
               3.3640001                       4.8625818
               3.3670001                       4.7507903
               3.3699999                        4.640733
               3.3729999                       4.5326051
               3.3759999                        4.426572
               3.3789999                       4.3227651
                   3.382                       4.2212742
                   3.385                       4.1221509
                   3.388                       4.0254058
                   3.391                       3.9310139
               3.3940001                       3.8389222
               3.3970001                       3.7490531
               3.4000001                       3.6613138
               3.4030001                       3.5756049
               3.4059999                       3.4918236
               3.4089999                        3.409877
               3.4119999                       3.3296816
                   3.415                        3.251172
                   3.418                        3.174303
                   3.421                       3.0990522
                   3.424                       3.0254171
                   3.427                        2.953418
               3.4300001                       2.8830947
               3.4330001                       2.8145039
               3.4360001                        2.747715
               3.4389999                       2.6828078
               3.4419999                       2.6198679
               3.4449999                       2.5589849
                   3.448                        2.500247
                   3.451                       2.4437402
                   3.454                       2.3895469
                   3.457                       2.3377439
                    3.46                       2.2884013
               3.4630001                       2.2415841
               3.4660001                       2.1973524
               3.4690001                       2.1557611
               3.4719999                       2.1168623
               3.4749999                        2.080706
               3.4779999                       2.0473411
               3.4809999                       2.0168171
                   3.484                        1.989183
                   3.487                       1.9644887
                    3.49                       1.9427845
                   3.493                       1.9241191
               3.4960001                        1.908539
               3.4990001                       1.8960867
               3.5020001                       1.8867974
               3.5050001                       1.8806988
               3.5079999                       1.8778072
               3.5109999                       1.8781277
               3.5139999                       1.8816521
                   3.517                         1.88836
                    3.52                       1.8982187
                   3.523                       1.9111847
                   3.526                       1.9272064
                   3.529                       1.9462258
               3.5320001                       1.9681822
               3.5350001                        1.993014
               3.5380001                       2.0206624
               3.5409999                       2.0510728
               3.5439999                       2.0841968
               3.5469999                       2.1199927
                    3.55                       2.1584271
                   3.553                       2.1994738
                   3.556                       2.2431126
                   3.559                       2.2893288
                   3.562                       2.3381102
               3.5650001                        2.389445
               3.5680001                       2.4433193
               3.5710001                       2.4997143
               3.5739999                       2.5586034
               3.5769999                       2.6199509
               3.5799999                       2.6837081
               3.5829999                        2.749814
                   3.586                        2.818195
                   3.589                       2.8887637
                   3.592                       2.9614224
                   3.595                       3.0360654
                   3.598                       3.1125821
               3.6010001                       3.1908619
               3.6040001                       3.2708015
               3.6070001                       3.3523079
               3.6099999                        3.435306
               3.6129999                        3.519745
               3.6159999                       3.6055994
                   3.619                       3.6928796
                   3.622                       3.7816255
                   3.625                       3.8719132
                   3.628                       3.9638481
                   3.631                       4.0575635
               3.6340001                       4.1532113
               3.6370001                       4.2509542
               3.6400001                       4.3509564
               3.6429999                       4.4533708
               3.6459999                       4.5583261
               3.6489999                       4.6659164
                   3.652                       4.7761911
                   3.655                       4.8891433
                   3.658                       5.0047056
                   3.661                       5.1227442
                   3.664                       5.2430625
               3.6670001                       5.3654044
               3.6700001                       5.4894683
               3.6730001                       5.6149094
               3.6760001                       5.7413736
               3.6789999                       5.8685058
               3.6819999                       5.9959856
               3.6849999                       6.1235374
                   3.688                       6.2509624
                   3.691                        6.378161
                   3.694                       6.5051316
                   3.697                       6.6319995
                     3.7                       6.7589974
               3.7030001                        6.886469
               3.7060001                       7.0148449
               3.7090001                       7.1446272
               3.7119999                       7.2763492
               3.7149999                       7.4105468
               3.7179999                       7.5477202
                   3.721                       7.6882976
                   3.724                       7.8325948
                   3.727                       7.9807826
                    3.73                       8.1328712
                   3.733                       8.2886813
               3.7360001                       8.4478447
               3.7390001                        8.609804
               3.7420001                       8.7738399
               3.7449999                       8.9390903
               3.7479999                       9.1046114
               3.7509999                       9.2694174
               3.7539999                        9.432565
                   3.757                       9.5932026
                    3.76                       9.7506553
                   3.763                       9.9044855
                   3.766                       10.054528
               3.7690001                       10.200923
               3.7720001                       10.344147
               3.7750001                       10.484956
               3.7780001                       10.624378
               3.7809999                       10.763641
               3.7839999                       10.904106
               3.7869999                       11.047159
                    3.79                       11.194144
                   3.793                       11.346269
                   3.796                       11.504491
                   3.799                       11.669459
                   3.802                       11.841452
               3.8050001                       12.020332
               3.8080001                       12.205496
               3.8110001                       12.395906
               3.8139999                       12.590096
               3.8169999                       12.786259
               3.8199999                       12.982308
                   3.823                       13.176012
                   3.826                        13.36518
                   3.829                        13.54775
                   3.832                       13.722021
                   3.835                       13.886778
               3.8380001                       14.041425
               3.8410001                       14.186036
               3.8440001                       14.321441
               3.8469999                       14.449115
               3.8499999                       14.571165
               3.8529999                       14.690164
               3.8559999                       14.808968
                   3.859                        14.93057
                   3.862                       15.057862
                   3.865                       15.193496
                   3.868                        15.33965
               3.8710001                       15.497918
               3.8740001                       15.669195
               3.8770001                       15.853511
               3.8800001                       16.050062
               3.8829999                       16.257137
               3.8859999                       16.472185
               3.8889999                       16.691876
                   3.892                       16.912301
                   3.895                       17.129159
                   3.898                       17.338053
                   3.901                       17.534832
                   3.904                       17.715896
               3.9070001                        17.87856
               3.9100001                       18.021288
               3.9130001                       18.143857
               3.9159999                       18.247534
               3.9189999                        18.33486
               3.9219999                       18.409637
                   3.925                       18.476522
                   3.928                       18.540797
                   3.931                       18.607985
                   3.934                       18.683401
                   3.937                       18.771984
               3.9400001                        18.87785
               3.9430001                       19.004141
               3.9460001                       19.152719
               3.9489999                       19.324161
               3.9519999                        19.51749
               3.9549999                         19.7303
               3.9579999                       19.958597
                   3.961                       20.197128
                   3.964                       20.439395
                   3.967                       20.678142
                    3.97                       20.905752
                   3.973                       21.114784
               3.9760001                       21.298654
               3.9790001                        21.45219
               3.9820001                       21.572133
               3.9849999                       21.657629
               3.9879999                       21.710258
               3.9909999                       21.733941
                   3.994                        21.73479
                   3.997                       21.720434
                       4                       21.699539

