        Frequency / GHz                S1,1/abs,dB
----------------------------------------------------------------------
                       1                    -0.068337475
                   1.003                    -0.061573398
                   1.006                    -0.055478315
               1.0089999                    -0.050307852
                   1.012                    -0.046273768
                   1.015                    -0.043538617
                   1.018                    -0.042213992
                   1.021                    -0.042350088
                   1.024                    -0.043940681
                   1.027                     -0.04692046
                    1.03                    -0.051169726
                   1.033                    -0.056519642
                   1.036                    -0.062760375
                   1.039                    -0.069645681
               1.0420001                    -0.076906699
                   1.045                    -0.084261318
                   1.048                    -0.091426078
                   1.051                    -0.098127149
                   1.054                     -0.10411364
                   1.057                     -0.10916351
               1.0599999                     -0.11309748
                   1.063                     -0.11578542
                   1.066                     -0.11714754
                   1.069                     -0.11716286
                   1.072                     -0.11586614
                   1.075                     -0.11334542
               1.0779999                     -0.10973982
                   1.081                     -0.10523196
                   1.084                     -0.10003726
                   1.087                    -0.094397432
                    1.09                    -0.088568473
               1.0930001                    -0.082809658
                   1.096                    -0.077373819
                   1.099                    -0.072496785
                   1.102                    -0.068386827
                   1.105                    -0.065219805
                   1.108                    -0.063130994
               1.1109999                    -0.062208761
                   1.114                    -0.062496128
                   1.117                    -0.063985025
                    1.12                    -0.066620838
                   1.123                     -0.07030226
                   1.126                    -0.074887409
               1.1289999                    -0.080200224
                   1.132                    -0.086035649
                   1.135                    -0.092167207
                   1.138                     -0.09836161
                   1.141                      -0.1043834
               1.1440001                     -0.11000362
                   1.147                     -0.11501561
                    1.15                     -0.11923448
                   1.153                     -0.12251476
                   1.156                     -0.12474776
                   1.159                     -0.12587208
               1.1619999                     -0.12586952
                   1.165                     -0.12477263
                   1.168                      -0.1226579
                   1.171                     -0.11964273
                   1.174                      -0.1158805
                   1.177                     -0.11155424
               1.1799999                     -0.10686789
                   1.183                     -0.10203626
                   1.186                    -0.097277884
                   1.189                    -0.092806269
                   1.192                    -0.088818013
               1.1950001                     -0.08548902
                   1.198                    -0.082966246
                   1.201                    -0.081362585
                   1.204                    -0.080750871
                   1.207                    -0.081165587
                    1.21                    -0.082597406
               1.2130001                    -0.084996375
                   1.216                     -0.08827476
                   1.219                    -0.092310556
                   1.222                    -0.096950115
                   1.225                     -0.10201714
                   1.228                     -0.10732036
               1.2309999                     -0.11265813
                   1.234                     -0.11782981
                   1.237                     -0.12264199
                    1.24                     -0.12691801
                   1.243                     -0.13050476
               1.2460001                     -0.13327796
                   1.249                     -0.13514859
                   1.252                     -0.13606628
                   1.255                     -0.13602076
                   1.258                     -0.13503973
                   1.261                     -0.13319411
               1.2640001                     -0.13058526
                   1.267                     -0.12734875
                    1.27                      -0.1236428
                   1.273                     -0.11964466
                   1.276                     -0.11553931
                   1.279                     -0.11151671
               1.2819999                     -0.10775854
                   1.285                     -0.10443646
                   1.288                     -0.10169967
                   1.291                     -0.09967494
                   1.294                    -0.098455597
               1.2970001                    -0.098104831
                     1.3                    -0.098646946
                   1.303                     -0.10007305
                   1.306                      -0.1023359
                   1.309                     -0.10535666
                   1.312                     -0.10902467
               1.3150001                     -0.11320514
                   1.318                     -0.11774213
                   1.321                     -0.12246636
                   1.324                     -0.12720196
                   1.327                     -0.13177263
                    1.33                     -0.13601069
               1.3329999                     -0.13976255
                   1.336                     -0.14289669
                   1.339                     -0.14530569
                   1.342                     -0.14691475
                   1.345                     -0.14768349
                   1.348                      -0.1476043
                   1.351                     -0.14670791
                   1.354                     -0.14505723
                   1.357                     -0.14274645
                    1.36                     -0.13989522
                   1.363                     -0.13664653
               1.3660001                     -0.13315804
                   1.369                     -0.12959348
                   1.372                     -0.12612257
                   1.375                     -0.12290448
                   1.378                     -0.12009096
                   1.381                     -0.11781335
               1.3839999                     -0.11618085
                   1.387                     -0.11527597
                    1.39                     -0.11515072
                   1.393                      -0.1158237
                   1.396                     -0.11728383
                   1.399                     -0.11948597
                   1.402                     -0.12235624
                   1.405                      -0.1257925
                   1.408                     -0.12967251
                   1.411                     -0.13385466
                   1.414                     -0.13818518
               1.4170001                     -0.14250517
                    1.42                     -0.14665794
                   1.423                     -0.15049306
                   1.426                     -0.15387472
                   1.429                     -0.15668471
                   1.432                     -0.15883166
               1.4349999                     -0.16024991
                   1.438                     -0.16090584
                   1.441                     -0.16079846
                   1.444                     -0.15995746
                   1.447                     -0.15844331
                    1.45                     -0.15634365
               1.4529999                     -0.15377128
                   1.456                     -0.15085697
                   1.459                     -0.14774575
                   1.462                     -0.14458754
                   1.465                     -0.14153599
               1.4680001                     -0.13873687
                   1.471                     -0.13632677
                   1.474                     -0.13442363
                   1.477                     -0.13312592
                    1.48                     -0.13250525
                   1.483                     -0.13260537
               1.4859999                     -0.13344273
                   1.489                     -0.13500185
                   1.492                     -0.13723707
                   1.495                     -0.14007758
                   1.498                       -0.143429
                   1.501                     -0.14717272
               1.5039999                     -0.15117625
                   1.507                       -0.155299
                    1.51                      -0.1593919
                   1.513                     -0.16331102
                   1.516                     -0.16691697
               1.5190001                     -0.17008494
                   1.522                     -0.17271022
                   1.525                     -0.17470797
                   1.528                     -0.17602248
                   1.531                     -0.17662553
                   1.534                     -0.17651857
               1.5369999                     -0.17573312
                    1.54                     -0.17433062
                   1.543                     -0.17239534
                   1.546                     -0.17003477
                   1.549                     -0.16737357
                   1.552                     -0.16454868
               1.5549999                     -0.16170324
                   1.558                      -0.1589789
                   1.561                     -0.15651446
                   1.564                     -0.15443588
                   1.567                     -0.15285306
               1.5700001                     -0.15185493
                   1.573                     -0.15150771
                   1.576                     -0.15184947
                   1.579                     -0.15289188
                   1.582                     -0.15461667
                   1.585                     -0.15697793
               1.5880001                     -0.15990499
                   1.591                     -0.16330427
                   1.594                     -0.16706139
                   1.597                     -0.17105029
                     1.6                     -0.17513229
                   1.603                     -0.17916723
               1.6059999                     -0.18301646
                   1.609                     -0.18654888
                   1.612                     -0.18964653
                   1.615                     -0.19221068
                   1.618                     -0.19416464
               1.6210001                     -0.19545591
                   1.624                     -0.19606311
                   1.627                     -0.19599066
                    1.63                     -0.19527276
                   1.633                        -0.19397
                   1.636                     -0.19216931
               1.6390001                     -0.18997638
                   1.642                     -0.18751493
                   1.645                     -0.18491731
                   1.648                     -0.18232416
                   1.651                      -0.1798723
                   1.654                     -0.17769713
               1.6569999                     -0.17591932
                    1.66                       -0.174643
                   1.663                     -0.17395455
                   1.666                      -0.1739133
                   1.669                     -0.17455537
               1.6720001                     -0.17588658
                   1.675                     -0.17788724
                   1.678                     -0.18050843
                   1.681                     -0.18367806
                   1.684                     -0.18730004
                   1.687                     -0.19126066
               1.6900001                     -0.19543213
                   1.693                     -0.19967821
                   1.696                     -0.20386015
                   1.699                     -0.20784047
                   1.702                     -0.21149063
                   1.705                      -0.2146954
               1.7079999                     -0.21735908
                   1.711                     -0.21940862
                   1.714                     -0.22079559
                   1.717                     -0.22150113
                    1.72                     -0.22153474
                   1.723                     -0.22093413
                   1.726                     -0.21976393
                   1.729                     -0.21811415
                   1.732                     -0.21609371
                   1.735                      -0.2138283
                   1.738                     -0.21145428
               1.7410001                     -0.20911272
                   1.744                     -0.20694246
                   1.747                     -0.20507955
                    1.75                     -0.20364313
                   1.753                     -0.20273842
                   1.756                     -0.20244886
               1.7589999                     -0.20283393
                   1.762                     -0.20392473
                   1.765                     -0.20572573
                   1.768                      -0.2082107
                   1.771                     -0.21132869
                   1.774                     -0.21500039
                   1.777                     -0.21912719
                    1.78                     -0.22358856
                   1.783                     -0.22825207
                   1.786                     -0.23297614
                   1.789                     -0.23761694
               1.7920001                     -0.24203396
                   1.795                     -0.24609569
                   1.798                     -0.24968373
                   1.801                     -0.25270313
                   1.804                     -0.25507936
                   1.807                     -0.25676677
               1.8099999                     -0.25775042
                   1.813                     -0.25804307
                   1.816                     -0.25768895
                   1.819                     -0.25676021
                   1.822                     -0.25535278
                   1.825                     -0.25358608
               1.8279999                     -0.25159398
                   1.831                     -0.24952178
                   1.834                     -0.24751858
                   1.837                      -0.2457345
                    1.84                     -0.24430916
               1.8430001                     -0.24337027
                   1.846                     -0.24302754
                   1.849                     -0.24336659
                   1.852                     -0.24444761
                   1.855                     -0.24630155
                   1.858                     -0.24893001
               1.8609999                     -0.25230246
                   1.864                     -0.25635959
                   1.867                     -0.26101468
                    1.87                     -0.26615804
                   1.873                     -0.27165788
                   1.876                     -0.27737026
               1.8789999                     -0.28314012
                   1.882                     -0.28881204
                   1.885                      -0.2942337
                   1.888                     -0.29926258
                   1.891                     -0.30377339
               1.8940001                     -0.30766345
                   1.897                     -0.31085468
                     1.9                     -0.31330214
                   1.903                     -0.31499231
                   1.906                      -0.3159444
                   1.909                     -0.31621139
               1.9119999                     -0.31587702
                   1.915                     -0.31505345
                   1.918                     -0.31387634
                   1.921                     -0.31249728
                   1.924                     -0.31108246
                   1.927                     -0.30979934
               1.9299999                       -0.308817
                   1.933                     -0.30829364
                   1.936                     -0.30837213
                   1.939                     -0.30917653
                   1.942                     -0.31080181
               1.9450001                      -0.3133146
                   1.948                     -0.31674963
                   1.951                      -0.3211046
                   1.954                     -0.32634411
                   1.957                     -0.33239961
                    1.96                     -0.33916983
               1.9630001                     -0.34652651
                   1.966                       -0.354319
                   1.969                      -0.3623795
                   1.972                     -0.37052982
                   1.975                     -0.37858976
                   1.978                     -0.38638322
               1.9809999                      -0.3937471
                   1.984                     -0.40053737
                   1.987                     -0.40663648
                    1.99                     -0.41195809
                   1.993                     -0.41645349
               1.9960001                     -0.42011193
                   1.999                     -0.42296275
               2.0020001                     -0.42507644
               2.0050001                     -0.42655862
               2.0079999                     -0.42755164
               2.0109999                      -0.4282234
               2.0139999                     -0.42876526
                   2.017                     -0.42938196
                    2.02                     -0.43028512
                   2.023                     -0.43168447
                   2.026                     -0.43377926
                   2.029                     -0.43674933
               2.0320001                     -0.44075107
               2.0350001                     -0.44590843
               2.0380001                     -0.45230884
               2.0409999                     -0.45999967
               2.0439999                     -0.46898471
               2.0469999                     -0.47922622
                    2.05                     -0.49064288
                   2.053                     -0.50311536
                   2.056                     -0.51648748
                   2.059                     -0.53057593
                   2.062                     -0.54517417
               2.0650001                     -0.56006208
               2.0680001                      -0.5750162
               2.0710001                     -0.58981733
               2.0739999                     -0.60426226
               2.0769999                     -0.61817563
               2.0799999                     -0.63141513
               2.0829999                     -0.64387936
                   2.086                     -0.65551744
                   2.089                     -0.66633292
                   2.092                     -0.67638339
                   2.095                     -0.68578383
                   2.098                     -0.69470121
               2.1010001                     -0.70335323
               2.1040001                     -0.71199623
               2.1070001                     -0.72092539
               2.1099999                     -0.73045592
               2.1129999                     -0.74091772
               2.1159999                     -0.75264392
                   2.119                      -0.7659568
                   2.122                     -0.78115985
                   2.125                     -0.79852523
                   2.128                     -0.81828912
                   2.131                     -0.84063954
               2.1340001                     -0.86571052
               2.1370001                     -0.89358332
               2.1400001                      -0.9242793
               2.1429999                     -0.95776288
               2.1459999                     -0.99394322
               2.1489999                      -1.0326802
                   2.152                      -1.0737942
                   2.155                       -1.117071
                   2.158                      -1.1622791
                   2.161                      -1.2091837
                   2.164                      -1.2575586
               2.1670001                      -1.3072114
               2.1700001                      -1.3579951
               2.1730001                      -1.4098295
               2.1760001                      -1.4627168
               2.1789999                      -1.5167618
               2.1819999                      -1.5721777
               2.1849999                      -1.6293059
                   2.188                      -1.6886169
                   2.191                      -1.7507175
                   2.194                      -1.8163507
                   2.197                      -1.8863916
                     2.2                      -1.9618451
               2.2030001                      -2.0438381
               2.2060001                       -2.133606
               2.2090001                      -2.2324914
               2.2119999                      -2.3419302
               2.2149999                      -2.4634446
               2.2179999                      -2.5986402
                   2.221                      -2.7492014
                   2.224                      -2.9168888
                   2.227                      -3.1035438
                    2.23                      -3.3110911
                   2.233                      -3.5415503
               2.2360001                      -3.7970405
               2.2390001                      -4.0797937
               2.2420001                      -4.3921627
               2.2449999                      -4.7366298
               2.2479999                      -5.1157982
               2.2509999                      -5.5323708
               2.2539999                      -5.9890909
                   2.257                      -6.4886208
                    2.26                      -7.0333094
                   2.263                      -7.6247632
                   2.266                      -8.2631056
               2.2690001                      -8.9456789
               2.2720001                      -9.6649028
               2.2750001                      -10.404921
               2.2780001                      -11.136912
               2.2809999                      -11.814069
               2.2839999                      -12.369939
               2.2869999                      -12.727245
                    2.29                      -12.822276
                   2.293                      -12.635078
                   2.296                      -12.200626
                   2.299                      -11.589774
                   2.302                      -10.878521
               2.3050001                      -10.127989
               2.3080001                      -9.3794083
               2.3110001                      -8.6573598
               2.3139999                      -7.9749218
               2.3169999                      -7.3379994
               2.3199999                      -6.7483029
                   2.323                      -6.2052089
                   2.326                      -5.7068697
                   2.329                        -5.25085
                   2.332                       -4.834487
                   2.335                      -4.4550836
               2.3380001                       -4.110008
               2.3410001                      -3.7967444
               2.3440001                      -3.5129017
               2.3469999                      -3.2562203
               2.3499999                      -3.0245635
               2.3529999                      -2.8159037
               2.3559999                      -2.6283128
                   2.359                      -2.4599513
                   2.362                       -2.309058
                   2.365                       -2.173947
                   2.368                      -2.0530005
               2.3710001                      -1.9446717
               2.3740001                      -1.8474807
               2.3770001                       -1.760025
               2.3800001                       -1.680981
               2.3829999                      -1.6091129
               2.3859999                      -1.5432799
               2.3889999                      -1.4824449
                   2.392                      -1.4256822
                   2.395                      -1.3721857
                   2.398                      -1.3212697
                   2.401                      -1.2723752
                   2.404                      -1.2250641
               2.4070001                      -1.1790227
               2.4100001                      -1.1340451
               2.4130001                      -1.0900315
               2.4159999                      -1.0469706
               2.4189999                      -1.0049275
               2.4219999                     -0.96402814
                   2.425                     -0.92444009
                   2.428                     -0.88636016
                   2.431                     -0.84999413
                   2.434                     -0.81554756
                   2.437                      -0.7832051
               2.4400001                      -0.7531278
               2.4430001                     -0.72543728
               2.4460001                       -0.700211
               2.4489999                     -0.67748019
               2.4519999                     -0.65722294
               2.4549999                     -0.63936627
               2.4579999                     -0.62378962
                   2.461                      -0.6103231
                   2.464                     -0.59876058
                   2.467                     -0.58885812
                    2.47                     -0.58034985
                   2.473                     -0.57295086
               2.4760001                     -0.56636815
               2.4790001                     -0.56031483
               2.4820001                     -0.55451463
               2.4849999                     -0.54871257
               2.4879999                     -0.54268533
               2.4909999                     -0.53624425
                   2.494                     -0.52924405
                   2.497                     -0.52158825
                     2.5                     -0.51322638
                   2.503                     -0.50415497
                   2.506                     -0.49441691
               2.5090001                     -0.48409891
               2.5120001                     -0.47332081
               2.5150001                     -0.46223483
               2.5179999                     -0.45101087
               2.5209999                     -0.43983519
               2.5239999                     -0.42889686
                   2.527                     -0.41838131
                    2.53                     -0.40846282
                   2.533                     -0.39929605
                   2.536                     -0.39101176
                   2.539                     -0.38370968
               2.5420001                     -0.37745601
               2.5450001                     -0.37228347
               2.5480001                     -0.36818582
               2.5510001                     -0.36512404
               2.5539999                     -0.36302269
               2.5569999                     -0.36177772
               2.5599999                      -0.3612602
                   2.563                     -0.36131769
                   2.566                     -0.36178533
                   2.569                     -0.36249136
                   2.572                     -0.36325932
                   2.575                     -0.36392248
               2.5780001                     -0.36432344
               2.5810001                     -0.36432554
               2.5840001                     -0.36381429
               2.5869999                     -0.36270497
               2.5899999                     -0.36093948
               2.5929999                     -0.35849591
                   2.596                     -0.35538248
                   2.599                      -0.3516413
                   2.602                     -0.34734116
                   2.605                     -0.34257853
                   2.608                     -0.33746751
               2.6110001                     -0.33214034
               2.6140001                     -0.32673748
               2.6170001                     -0.32140491
               2.6199999                     -0.31628245
               2.6229999                     -0.31150489
               2.6259999                     -0.30719061
               2.6289999                     -0.30344213
                   2.632                     -0.30033793
                   2.635                     -0.29793153
                   2.638                     -0.29625158
                   2.641                      -0.2952968
               2.6440001                     -0.29503853
               2.6470001                     -0.29542635
               2.6500001                     -0.29638104
               2.6530001                     -0.29780659
               2.6559999                     -0.29958978
               2.6589999                     -0.30160721
               2.6619999                     -0.30372853
                   2.665                     -0.30582106
                   2.668                     -0.30775956
                   2.671                     -0.30942474
                   2.674                     -0.31071552
                   2.677                     -0.31154511
               2.6800001                     -0.31185153
               2.6830001                     -0.31159463
               2.6860001                     -0.31075939
               2.6889999                     -0.30935988
               2.6919999                      -0.3074308
               2.6949999                     -0.30503072
                   2.698                     -0.30223961
                   2.701                     -0.29915209
                   2.704                     -0.29587581
                   2.707                     -0.29252644
                    2.71                     -0.28922126
               2.7130001                     -0.28607527
               2.7160001                     -0.28319817
               2.7190001                     -0.28068613
               2.7219999                     -0.27862099
               2.7249999                     -0.27706672
               2.7279999                      -0.2760675
               2.7309999                     -0.27564305
                   2.734                      -0.2757925
                   2.737                     -0.27649065
                    2.74                     -0.27769269
                   2.743                     -0.27933278
               2.7460001                     -0.28133076
               2.7490001                     -0.28359104
               2.7520001                     -0.28601033
               2.7550001                     -0.28847959
               2.7579999                     -0.29089049
               2.7609999                     -0.29313682
               2.7639999                     -0.29512264
                   2.767                     -0.29676219
                    2.77                     -0.29798723
                   2.773                     -0.29874727
                   2.776                     -0.29901195
                   2.779                     -0.29877316
               2.7820001                     -0.29804275
               2.7850001                     -0.29685564
               2.7880001                     -0.29526461
               2.7909999                     -0.29333983
               2.7939999                     -0.29116478
               2.7969999                     -0.28883352
                     2.8                     -0.28644629
                   2.803                     -0.28410567
                   2.806                     -0.28190996
                   2.809                     -0.27995392
                   2.812                      -0.2783198
               2.8150001                     -0.27707711
               2.8180001                     -0.27628079
               2.8210001                     -0.27596577
               2.8239999                     -0.27614729
               2.8269999                     -0.27682195
               2.8299999                     -0.27796611
               2.8329999                     -0.27953753
                   2.836                     -0.28147642
                   2.839                     -0.28371083
                   2.842                     -0.28615433
                   2.845                     -0.28871635
                   2.848                     -0.29129908
               2.8510001                     -0.29380599
               2.8540001                     -0.29614574
               2.8570001                     -0.29823228
               2.8599999                     -0.29999251
               2.8629999                     -0.30136841
               2.8659999                       -0.302316
                   2.869                     -0.30281213
                   2.872                     -0.30285129
                   2.875                     -0.30244937
                   2.878                     -0.30163919
                   2.881                     -0.30047017
               2.8840001                     -0.29900891
               2.8870001                     -0.29733149
               2.8900001                     -0.29552568
               2.8929999                     -0.29368233
               2.8959999                     -0.29189387
               2.8989999                     -0.29025087
                   2.902                     -0.28883765
                   2.905                     -0.28772801
                   2.908                     -0.28698299
                   2.911                     -0.28665165
                   2.914                     -0.28676272
               2.9170001                      -0.2873285
               2.9200001                     -0.28834245
               2.9230001                      -0.2897804
               2.9260001                     -0.29160091
               2.9289999                     -0.29374809
               2.9319999                     -0.29615072
               2.9349999                     -0.29873107
                   2.938                     -0.30140163
                   2.941                      -0.3040723
                   2.944                     -0.30665475
                   2.947                     -0.30906348
                    2.95                     -0.31122095
               2.9530001                     -0.31306047
               2.9560001                     -0.31452968
               2.9590001                      -0.3155909
               2.9619999                     -0.31622474
               2.9649999                     -0.31642897
               2.9679999                     -0.31622101
                   2.971                      -0.3156336
                   2.974                     -0.31471785
                   2.977                     -0.31353715
                    2.98                     -0.31216457
                   2.983                     -0.31068506
               2.9860001                     -0.30918309
               2.9890001                     -0.30774773
               2.9920001                     -0.30646415
               2.9949999                     -0.30541044
               2.9979999                     -0.30465623
               3.0009999                     -0.30425855
               3.0039999                     -0.30425888
                   3.007                     -0.30468549
                    3.01                     -0.30554472
                   3.013                     -0.30683032
                   3.016                      -0.3085151
               3.0190001                     -0.31055747
               3.0220001                     -0.31290239
               3.0250001                     -0.31547915
               3.0280001                     -0.31821192
               3.0309999                     -0.32101586
               3.0339999                     -0.32380414
               3.0369999                     -0.32649288
                    3.04                     -0.32899863
                   3.043                     -0.33124922
                   3.046                     -0.33318178
                   3.049                     -0.33474719
                   3.052                     -0.33591173
               3.0550001                     -0.33665919
               3.0580001                     -0.33699112
               3.0610001                     -0.33692535
               3.0639999                     -0.33649778
               3.0669999                     -0.33575928
               3.0699999                     -0.33477305
                   3.073                     -0.33361472
                   3.076                       -0.332364
                   3.079                     -0.33110808
                   3.082                     -0.32993279
                   3.085                     -0.32892034
               3.0880001                     -0.32814648
               3.0910001                     -0.32767845
               3.0940001                     -0.32756954
               3.0969999                     -0.32786139
               3.0999999                     -0.32857513
               3.1029999                     -0.32971896
               3.1059999                     -0.33128004
                   3.109                      -0.3332325
                   3.112                     -0.33553137
                   3.115                     -0.33811883
                   3.118                      -0.3409267
               3.1210001                     -0.34387535
               3.1240001                     -0.34688074
               3.1270001                     -0.34985749
               3.1300001                     -0.35271974
               3.1329999                     -0.35538822
               3.1359999                     -0.35779053
               3.1389999                     -0.35986603
                   3.142                     -0.36156761
                   3.145                     -0.36286414
                   3.148                     -0.36374139
                   3.151                     -0.36420285
                   3.154                      -0.3642699
               3.1570001                     -0.36398111
               3.1600001                     -0.36338858
               3.1630001                      -0.3625599
               3.1659999                      -0.3615695
               3.1689999                     -0.36050143
               3.1719999                     -0.35944176
                   3.175                     -0.35847835
                   3.178                     -0.35769408
                   3.181                     -0.35716347
                   3.184                     -0.35695378
                   3.187                     -0.35711849
               3.1900001                     -0.35769466
               3.1930001                     -0.35870505
               3.1960001                     -0.36015208
               3.1989999                     -0.36202431
               3.2019999                     -0.36429018
               3.2049999                     -0.36690274
               3.2079999                     -0.36980177
                   3.211                     -0.37291503
                   3.214                     -0.37616133
                   3.217                     -0.37945494
                    3.22                     -0.38270641
                   3.223                     -0.38582969
               3.2260001                     -0.38874315
               3.2290001                     -0.39137379
               3.2320001                     -0.39366117
               3.2349999                     -0.39555906
               3.2379999                     -0.39703792
               3.2409999                     -0.39808436
                   3.244                     -0.39870529
                   3.247                     -0.39892548
                    3.25                     -0.39878493
                   3.253                     -0.39834197
                   3.256                     -0.39766552
               3.2590001                     -0.39683575
               3.2620001                     -0.39593945
               3.2650001                     -0.39506755
               3.2679999                     -0.39430938
               3.2709999                     -0.39375071
               3.2739999                     -0.39346892
                   3.277                     -0.39353361
                    3.28                     -0.39399537
                   3.283                     -0.39489419
                   3.286                     -0.39625028
                   3.289                     -0.39806429
               3.2920001                     -0.40032166
               3.2950001                     -0.40298813
               3.2980001                      -0.4060125
               3.3010001                     -0.40933013
               3.3039999                     -0.41286517
               3.3069999                     -0.41653032
               3.3099999                     -0.42023434
                   3.313                     -0.42388458
                   3.316                     -0.42739149
                   3.319                     -0.43066828
                   3.322                     -0.43364024
                   3.325                     -0.43624541
               3.3280001                     -0.43843586
               3.3310001                     -0.44018277
               3.3340001                     -0.44147542
               3.3369999                     -0.44232191
               3.3399999                     -0.44275015
               3.3429999                     -0.44280617
                   3.346                     -0.44255178
                   3.349                     -0.44206295
                   3.352                     -0.44142501
                   3.355                     -0.44073148
                   3.358                     -0.44007852
               3.3610001                     -0.43956219
               3.3640001                     -0.43927283
               3.3670001                     -0.43929272
               3.3699999                     -0.43969344
               3.3729999                     -0.44052938
               3.3759999                     -0.44184045
               3.3789999                     -0.44364643
                   3.382                     -0.44594862
                   3.385                     -0.44872552
                   3.388                     -0.45194307
                   3.391                     -0.45554249
               3.3940001                     -0.45945421
               3.3970001                     -0.46359427
               3.4000001                     -0.46787007
               3.4030001                     -0.47218267
               3.4059999                     -0.47643152
               3.4089999                     -0.48052009
               3.4119999                      -0.4843564
                   3.415                     -0.48786196
                   3.418                     -0.49096821
                   3.421                     -0.49362653
                   3.424                     -0.49580656
                   3.427                     -0.49749808
               3.4300001                     -0.49871201
               3.4330001                     -0.49947948
               3.4360001                       -0.499853
               3.4389999                     -0.49989962
               3.4419999                     -0.49970401
               3.4449999                     -0.49935882
                   3.448                     -0.49896707
                   3.451                     -0.49863374
                   3.454                     -0.49846241
                   3.457                     -0.49855243
                    3.46                     -0.49899288
               3.4630001                     -0.49986021
               3.4660001                     -0.50121493
               3.4690001                      -0.5030979
               3.4719999                     -0.50553174
               3.4749999                     -0.50851534
               3.4779999                     -0.51202735
               3.4809999                     -0.51602647
                   3.484                     -0.52045007
                   3.487                     -0.52522127
                    3.49                      -0.5302473
                   3.493                       -0.535425
               3.4960001                     -0.54064776
               3.4990001                      -0.5458063
               3.5020001                      -0.5507914
               3.5050001                     -0.55550568
               3.5079999                      -0.5598596
               3.5109999                     -0.56378187
               3.5139999                     -0.56721837
                   3.517                     -0.57013468
                    3.52                     -0.57252198
                   3.523                     -0.57439255
                   3.526                     -0.57578113
                   3.529                     -0.57674589
               3.5320001                     -0.57736282
               3.5350001                     -0.57772508
               3.5380001                     -0.57793772
               3.5409999                     -0.57811232
               3.5439999                     -0.57836816
               3.5469999                     -0.57881919
                    3.55                     -0.57957725
                   3.553                     -0.58074057
                   3.556                     -0.58239533
                   3.559                     -0.58460888
                   3.562                     -0.58742782
               3.5650001                     -0.59087779
               3.5680001                     -0.59495996
               3.5710001                     -0.59965039
               3.5739999                     -0.60490432
               3.5769999                     -0.61065308
               3.5799999                     -0.61681203
               3.5829999                     -0.62327925
                   3.586                     -0.62994075
                   3.589                     -0.63667791
                   3.592                     -0.64336788
                   3.595                     -0.64989144
                   3.598                     -0.65613767
               3.6010001                     -0.66200785
               3.6040001                     -0.66741957
               3.6070001                     -0.67231285
               3.6099999                     -0.67664962
               3.6129999                     -0.68041758
               3.6159999                       -0.683629
                   3.619                     -0.68632366
                   3.622                     -0.68856604
                   3.625                     -0.69044038
                   3.628                     -0.69205134
                   3.631                     -0.69351672
               3.6340001                     -0.69496467
               3.6370001                     -0.69652966
               3.6400001                     -0.69834133
               3.6429999                      -0.7005276
               3.6459999                     -0.70320354
               3.6489999                     -0.70646906
                   3.652                     -0.71040656
                   3.655                     -0.71507173
                   3.658                     -0.72049932
                   3.661                     -0.72669636
                   3.664                      -0.7336435
               3.6670001                     -0.74129453
               3.6700001                     -0.74958043
               3.6730001                     -0.75841011
               3.6760001                     -0.76767441
               3.6789999                     -0.77725099
               3.6819999                     -0.78700761
               3.6849999                     -0.79680852
                   3.688                     -0.80652224
                   3.691                     -0.81602385
                   3.694                     -0.82520099
                   3.697                     -0.83396008
                     3.7                      -0.8422298
               3.7030001                     -0.84996527
               3.7060001                     -0.85714873
               3.7090001                     -0.86379208
               3.7119999                     -0.86993668
               3.7149999                     -0.87565162
               3.7179999                     -0.88103361
                   3.721                     -0.88619853
                   3.724                     -0.89128311
                   3.727                     -0.89643526
                    3.73                     -0.90181059
                   3.733                     -0.90756746
               3.7360001                     -0.91385968
               3.7390001                     -0.92083097
               3.7420001                     -0.92861206
               3.7449999                     -0.93731082
               3.7479999                     -0.94701606
               3.7509999                     -0.95778795
               3.7539999                      -0.9696606
                   3.757                     -0.98263818
                    3.76                     -0.99669867
                   3.763                      -1.0117907
                   3.766                      -1.0278389
               3.7690001                      -1.0447484
               3.7720001                      -1.0624051
               3.7750001                      -1.0806875
               3.7780001                      -1.0994631
               3.7809999                       -1.118602
               3.7839999                      -1.1379797
               3.7869999                      -1.1574835
                    3.79                      -1.1770168
                   3.793                      -1.1965106
                   3.796                      -1.2159179
                   3.799                       -1.235225
                   3.802                       -1.254452
               3.8050001                      -1.2736506
               3.8080001                      -1.2929109
               3.8110001                      -1.3123512
               3.8139999                      -1.3321246
               3.8169999                      -1.3524098
               3.8199999                      -1.3734092
                   3.823                      -1.3953446
                   3.826                      -1.4184499
                   3.829                      -1.4429681
                   3.832                       -1.469144
                   3.835                      -1.4972219
               3.8380001                      -1.5274372
               3.8410001                      -1.5600165
               3.8440001                      -1.5951696
               3.8469999                      -1.6330898
               3.8499999                      -1.6739489
               3.8529999                      -1.7178988
               3.8559999                      -1.7650689
                   3.859                      -1.8155651
                   3.862                      -1.8694714
                   3.865                      -1.9268471
                   3.868                      -1.9877327
               3.8710001                      -2.0521432
               3.8740001                      -2.1200752
               3.8770001                      -2.1915026
               3.8800001                      -2.2663761
               3.8829999                      -2.3446231
               3.8859999                      -2.4261438
               3.8889999                      -2.5108085
                   3.892                      -2.5984511
                   3.895                       -2.688866
                   3.898                       -2.781799
                   3.901                      -2.8769371
                   3.904                      -2.9739023
               3.9070001                      -3.0722387
               3.9100001                      -3.1714066
               3.9130001                      -3.2707667
               3.9159999                      -3.3695754
               3.9189999                        -3.46698
               3.9219999                       -3.562012
                   3.925                      -3.6535958
                   3.928                      -3.7405476
                   3.931                      -3.8216018
                   3.934                      -3.8954309
                   3.937                      -3.9606801
               3.9400001                      -4.0160115
               3.9430001                      -4.0601513
               3.9460001                      -4.0919523
               3.9489999                      -4.1104452
               3.9519999                       -4.114895
               3.9549999                      -4.1048547
               3.9579999                      -4.0801897
                   3.961                      -4.0411068
                   3.964                        -3.98815
                   3.967                      -3.9221853
                    3.97                      -3.8443604
                   3.973                      -3.7560676
               3.9760001                      -3.6588776
               3.9790001                      -3.5544829
               3.9820001                      -3.4446331
               3.9849999                      -3.3310844
               3.9879999                      -3.2155463
               3.9909999                      -3.0996401
                   3.994                      -2.9848678
                   3.997                      -2.8725866
                       4                      -2.7639959

