DB(|S(1,1)|) (GHz) EM Structure 1 Frequency	DB(|S(1,1)|) EM Structure 1
1	-0.0976535
1.01	-0.0983793
1.02	-0.0991359
1.03	-0.0999235
1.04	-0.100742
1.05	-0.101592
1.06	-0.102474
1.07	-0.103387
1.08	-0.104333
1.09	-0.105311
1.1	-0.106321
1.11	-0.107364
1.12	-0.108441
1.13	-0.109552
1.14	-0.110697
1.15	-0.111876
1.16	-0.113091
1.17	-0.114342
1.18	-0.115629
1.19	-0.116954
1.2	-0.118316
1.21	-0.119717
1.22	-0.121158
1.23	-0.122638
1.24	-0.124161
1.25	-0.125725
1.26	-0.127333
1.27	-0.128985
1.28	-0.130683
1.29	-0.132429
1.3	-0.134222
1.31	-0.136066
1.32	-0.137961
1.33	-0.13991
1.34	-0.141913
1.35	-0.143974
1.36	-0.146094
1.37	-0.148275
1.38	-0.15052
1.39	-0.152831
1.4	-0.155211
1.41	-0.157663
1.42	-0.16019
1.43	-0.162795
1.44	-0.165481
1.45	-0.168253
1.46	-0.171115
1.47	-0.174071
1.48	-0.177125
1.49	-0.180283
1.5	-0.183549
1.51	-0.186931
1.52	-0.190433
1.53	-0.194063
1.54	-0.197828
1.55	-0.201735
1.56	-0.205794
1.57	-0.210012
1.58	-0.2144
1.59	-0.218969
1.6	-0.223729
1.61	-0.228694
1.62	-0.233877
1.63	-0.239292
1.64	-0.244956
1.65	-0.250886
1.66	-0.257102
1.67	-0.263623
1.68	-0.270474
1.69	-0.277678
1.7	-0.285264
1.71	-0.293262
1.72	-0.301705
1.73	-0.310631
1.74	-0.320079
1.75	-0.330096
1.76	-0.340732
1.77	-0.352043
1.78	-0.364092
1.79	-0.376948
1.8	-0.39069
1.81	-0.405408
1.82	-0.4212
1.83	-0.438179
1.84	-0.456474
1.85	-0.476231
1.86	-0.497615
1.87	-0.520818
1.88	-0.546059
1.89	-0.573593
1.9	-0.603711
1.91	-0.636758
1.92	-0.673133
1.93	-0.713307
1.94	-0.757835
1.95	-0.807379
1.96	-0.862726
1.97	-0.924825
1.98	-0.994821
1.99	-1.07411
2	-1.16441
2.01	-1.26783
2.02	-1.38702
2.03	-1.5253
2.04	-1.68687
2.05	-1.87716
2.06	-2.10319
2.07	-2.37414
2.08	-2.70224
2.09	-3.10388
2.1	-3.60129
2.11	-4.22478
2.12	-5.01551
2.13	-6.02799
2.14	-7.3302
2.15	-9.00103
2.16	-11.1494
2.17	-14.0558
2.18	-18.6551
2.19	-27.2596
2.2	-20.9204
2.21	-14.6207
2.22	-10.9897
2.23	-8.57277
2.24	-6.84775
2.25	-5.56781
2.26	-4.59393
2.27	-3.83912
2.28	-3.24533
2.29	-2.77216
2.3	-2.39075
2.31	-2.08008
2.32	-1.82456
2.33	-1.61251
2.34	-1.43507
2.35	-1.28544
2.36	-1.15835
2.37	-1.04969
2.38	-0.956215
2.39	-0.875334
2.4	-0.804982
2.41	-0.743486
2.42	-0.689486
2.43	-0.641867
2.44	-0.599709
2.45	-0.562252
2.46	-0.528859
2.47	-0.498996
2.48	-0.472215
2.49	-0.448133
2.5	-0.426427
2.51	-0.406818
2.52	-0.38907
2.53	-0.372976
2.54	-0.358359
2.55	-0.345065
2.56	-0.332959
2.57	-0.321923
2.58	-0.311855
2.59	-0.302664
2.6	-0.29427
2.61	-0.286603
2.62	-0.279599
2.63	-0.273204
2.64	-0.267367
2.65	-0.262045
2.66	-0.257197
2.67	-0.252789
2.68	-0.248789
2.69	-0.245168
2.7	-0.2419
2.71	-0.238963
2.72	-0.236334
2.73	-0.233996
2.74	-0.231932
2.75	-0.230124
2.76	-0.228561
2.77	-0.227228
2.78	-0.226114
2.79	-0.225209
2.8	-0.224502
2.81	-0.223986
2.82	-0.223651
2.83	-0.223492
2.84	-0.2235
2.85	-0.223671
2.86	-0.223998
2.87	-0.224477
2.88	-0.225103
2.89	-0.225872
2.9	-0.22678
2.91	-0.227823
2.92	-0.228999
2.93	-0.230305
2.94	-0.231738
2.95	-0.233295
2.96	-0.234975
2.97	-0.236775
2.98	-0.238695
2.99	-0.240732
3	-0.242885
3.01	-0.245153
3.02	-0.247535
3.03	-0.250029
3.04	-0.252635
3.05	-0.255352
3.06	-0.258178
3.07	-0.261115
3.08	-0.26416
3.09	-0.267313
3.1	-0.270574
3.11	-0.273941
3.12	-0.277414
3.13	-0.280993
3.14	-0.284676
3.15	-0.288462
3.16	-0.29235
3.17	-0.296338
3.18	-0.300426
3.19	-0.304609
3.2	-0.308887
3.21	-0.313254
3.22	-0.317708
3.23	-0.322243
3.24	-0.326853
3.25	-0.33153
3.26	-0.336265
3.27	-0.341046
3.28	-0.345858
3.29	-0.350682
3.3	-0.355496
3.31	-0.360271
3.32	-0.364969
3.33	-0.369545
3.34	-0.373939
3.35	-0.378074
3.36	-0.381849
3.37	-0.385134
3.38	-0.387755
3.39	-0.389478
3.4	-0.389988
3.41	-0.388847
3.42	-0.385446
3.43	-0.378917
3.44	-0.368002
3.45	-0.350844
3.46	-0.324652
3.47	-0.28517
3.48	-0.225882
3.49	-0.137044
3.5	-0.00546612
3.51	0.180924
3.52	0.412401
3.53	0.612923
3.54	0.643505
3.55	0.461874
3.56	0.188029
3.57	-0.0651924
3.58	-0.264931
3.59	-0.418131
3.6	-0.539239
3.61	-0.640418
3.62	-0.73049
3.63	-0.815838
3.64	-0.901375
3.65	-0.991279
3.66	-1.08953
3.67	-1.20029
3.68	-1.32826
3.69	-1.47892
3.7	-1.65863
3.71	-1.87447
3.72	-2.13333
3.73	-2.43977
3.74	-2.79142
3.75	-3.17175
3.76	-3.54208
3.77	-3.84126
3.78	-4.00442
3.79	-3.99823
3.8	-3.84229
3.81	-3.59309
3.82	-3.31008
3.83	-3.03482
3.84	-2.78864
3.85	-2.57881
3.86	-2.40495
3.87	-2.26341
3.88	-2.14957
3.89	-2.05894
3.9	-1.98759
3.91	-1.93223
3.92	-1.89018
3.93	-1.85926
3.94	-1.83776
3.95	-1.82429
3.96	-1.81774
3.97	-1.81724
3.98	-1.82206
3.99	-1.83166
4	-1.84557
