        Frequency / GHz                S1,1/abs,dB
----------------------------------------------------------------------
                       1                    -0.094305834
                   1.003                     -0.08464339
                   1.006                    -0.075126155
               1.0089999                    -0.066231938
                   1.012                    -0.058400862
                   1.015                    -0.052013401
                   1.018                    -0.047375763
                   1.021                    -0.044706962
                   1.024                    -0.044129172
                   1.027                    -0.045666102
                    1.03                    -0.049240278
                   1.033                    -0.054682554
                   1.036                    -0.061735995
                   1.039                      -0.0700692
               1.0420001                    -0.079293403
                   1.045                    -0.088979836
                   1.048                    -0.098681726
                   1.051                     -0.10795164
                   1.054                     -0.11636774
                   1.057                     -0.12355212
               1.0599999                      -0.1291908
                   1.063                     -0.13304691
                   1.066                      -0.1349756
                   1.069                     -0.13492947
                   1.072                     -0.13295753
                   1.075                      -0.1292045
               1.0779999                     -0.12390165
                   1.081                     -0.11735145
                   1.084                     -0.10991357
                   1.087                     -0.10198478
                    1.09                    -0.093979111
               1.0930001                    -0.086306192
                   1.096                    -0.079353279
                   1.099                    -0.073466657
                   1.102                    -0.068935335
                   1.105                    -0.065982541
                   1.108                    -0.064749763
               1.1109999                    -0.065298834
                   1.114                    -0.067606302
                   1.117                    -0.071564495
                    1.12                    -0.076991529
                   1.123                    -0.083633752
                   1.126                    -0.091186313
               1.1289999                    -0.099298451
                   1.132                      -0.1075973
                   1.135                     -0.11570234
                   1.138                     -0.12324454
                   1.141                     -0.12988398
               1.1440001                     -0.13532861
                   1.147                     -0.13934568
                    1.15                     -0.14177603
                   1.153                     -0.14253897
                   1.156                     -0.14163797
                   1.159                      -0.1391581
               1.1619999                     -0.13526185
                   1.165                     -0.13017913
                   1.168                     -0.12419572
                   1.171                     -0.11763624
                   1.174                     -0.11084918
                   1.177                     -0.10418934
               1.1799999                    -0.097998166
                   1.183                    -0.092592575
                   1.186                    -0.088245308
                   1.189                    -0.085176716
                   1.192                    -0.083541921
               1.1950001                    -0.083428134
                   1.198                     -0.08484768
                   1.201                    -0.087743142
                   1.204                    -0.091984794
                   1.207                    -0.097381591
                    1.21                     -0.10368881
               1.2130001                     -0.11061797
                   1.216                     -0.11785469
                   1.219                     -0.12506871
                   1.222                     -0.13193501
                   1.225                     -0.13814531
                   1.228                     -0.14342646
               1.2309999                     -0.14754964
                   1.234                     -0.15034903
                   1.237                     -0.15171997
                    1.24                     -0.15163405
                   1.243                     -0.15013117
               1.2460001                     -0.14732395
                   1.249                      -0.1433845
                   1.252                     -0.13854343
                   1.255                     -0.13306805
                   1.258                      -0.1272558
                   1.261                     -0.12141629
               1.2640001                     -0.11585725
                   1.267                     -0.11086813
                    1.27                     -0.10670763
                   1.273                     -0.10359186
                   1.276                     -0.10168526
                   1.279                     -0.10109284
               1.2819999                     -0.10185633
                   1.285                      -0.1039519
                   1.288                     -0.10729459
                   1.291                     -0.11173851
                   1.294                     -0.11708616
               1.2970001                     -0.12309891
                     1.3                     -0.12950657
                   1.303                     -0.13602094
                   1.306                     -0.14234932
                   1.309                     -0.14820903
                   1.312                     -0.15334363
               1.3150001                     -0.15752855
                   1.318                     -0.16059261
                   1.321                     -0.16241539
                   1.324                     -0.16294299
                   1.327                     -0.16218213
                    1.33                     -0.16020589
               1.3329999                     -0.15714542
                   1.336                     -0.15318419
                   1.339                     -0.14854802
                   1.342                     -0.14349434
                   1.345                     -0.13829729
                   1.348                      -0.1332364
                   1.351                     -0.12858159
                   1.354                     -0.12457955
                   1.357                     -0.12144394
                    1.36                     -0.11934756
                   1.363                     -0.11840786
               1.3660001                     -0.11868964
                   1.369                     -0.12019872
                   1.372                     -0.12288054
                   1.375                     -0.12662848
                   1.378                     -0.13128071
                   1.381                     -0.13663872
               1.3839999                     -0.14246551
                   1.387                     -0.14850433
                    1.39                     -0.15448933
                   1.393                     -0.16015601
                   1.396                     -0.16525764
                   1.399                     -0.16957549
                   1.402                     -0.17293055
                   1.405                     -0.17519037
                   1.408                     -0.17627818
                   1.411                      -0.1761756
                   1.414                     -0.17492292
               1.4170001                     -0.17261667
                    1.42                     -0.16940536
                   1.423                     -0.16548221
                   1.426                     -0.16107085
                   1.429                     -0.15642014
                   1.432                     -0.15178756
               1.4349999                     -0.14742878
                   1.438                     -0.14358152
                   1.441                     -0.14046221
                   1.444                     -0.13824581
                   1.447                      -0.1370672
                    1.45                     -0.13700945
               1.4529999                     -0.13810144
                   1.456                     -0.14031724
                   1.459                     -0.14357834
                   1.462                     -0.14775634
                   1.465                     -0.15267834
               1.4680001                     -0.15813708
                   1.471                     -0.16389996
                   1.474                     -0.16971749
                   1.477                     -0.17534183
                    1.48                     -0.18052957
                   1.483                     -0.18506354
               1.4859999                     -0.18875654
                   1.489                     -0.19146343
                   1.492                     -0.19308936
                   1.495                     -0.19359087
                   1.498                     -0.19298215
                   1.501                     -0.19133273
               1.5039999                      -0.1887609
                   1.507                     -0.18543345
                    1.51                      -0.1815518
                   1.513                       -0.177343
                   1.516                     -0.17305005
               1.5190001                     -0.16891986
                   1.522                      -0.1651892
                   1.525                     -0.16207499
                   1.528                     -0.15976301
                   1.531                     -0.15840282
                   1.534                     -0.15809313
               1.5369999                     -0.15888801
                    1.54                      -0.1607842
                   1.543                     -0.16373044
                   1.546                     -0.16762122
                   1.549                     -0.17230838
                   1.552                     -0.17760576
               1.5549999                     -0.18329676
                   1.558                     -0.18914562
                   1.561                     -0.19490899
                   1.564                     -0.20034894
                   1.567                      -0.2052405
               1.5700001                     -0.20938711
                   1.573                     -0.21262958
                   1.576                     -0.21485128
                   1.579                     -0.21598842
                   1.582                     -0.21603088
                   1.585                     -0.21502233
               1.5880001                     -0.21306041
                   1.591                     -0.21028805
                   1.594                     -0.20688989
                   1.597                     -0.20308004
                     1.6                     -0.19909475
                   1.603                     -0.19517746
               1.6059999                     -0.19156757
                   1.609                     -0.18849168
                   1.612                     -0.18614912
                   1.615                     -0.18470579
                   1.618                     -0.18428223
               1.6210001                     -0.18495447
                   1.624                     -0.18674399
                   1.627                     -0.18962037
                    1.63                      -0.1935023
                   1.633                     -0.19825847
                   1.636                     -0.20371953
               1.6390001                     -0.20967783
                   1.642                     -0.21590449
                   1.645                     -0.22215428
                   1.648                     -0.22818414
                   1.651                     -0.23375791
                   1.654                     -0.23866268
               1.6569999                     -0.24271829
                    1.66                     -0.24578681
                   1.663                     -0.24777694
                   1.666                      -0.2486557
                   1.669                     -0.24844254
               1.6720001                      -0.2472137
                   1.675                     -0.24509578
                   1.678                     -0.24226143
                   1.681                     -0.23891964
                   1.684                      -0.2353032
                   1.687                     -0.23166429
               1.6900001                     -0.22825312
                   1.693                       -0.225313
                   1.696                     -0.22306526
                   1.699                     -0.22169885
                   1.702                     -0.22136209
                   1.705                      -0.2221568
               1.7079999                     -0.22413225
                   1.711                     -0.22728057
                   1.714                     -0.23154159
                   1.717                     -0.23680129
                    1.72                     -0.24289854
                   1.723                     -0.24963165
                   1.726                     -0.25676954
                   1.729                     -0.26405845
                   1.732                       -0.271238
                   1.735                     -0.27805209
                   1.738                     -0.28426166
               1.7410001                     -0.28965718
                   1.744                     -0.29406911
                   1.747                     -0.29737703
                    1.75                     -0.29951744
                   1.753                     -0.30048456
                   1.756                     -0.30033419
               1.7589999                     -0.29917994
                   1.762                      -0.2971882
                   1.765                     -0.29457035
                   1.768                     -0.29157127
                   1.771                     -0.28845839
                   1.774                     -0.28550972
                   1.777                     -0.28299949
                    1.78                     -0.28118384
                   1.783                     -0.28029066
                   1.786                     -0.28050759
                   1.789                     -0.28197534
               1.7920001                     -0.28477562
                   1.795                     -0.28893513
                   1.798                     -0.29441497
                   1.801                      -0.3011185
                   1.804                     -0.30889287
                   1.807                     -0.31753357
               1.8099999                     -0.32679725
                   1.813                     -0.33640998
                   1.816                     -0.34608185
                   1.819                     -0.35551948
                   1.822                     -0.36444065
                   1.825                     -0.37258967
               1.8279999                     -0.37975133
                   1.831                      -0.3857609
                   1.834                     -0.39051391
                   1.837                     -0.39397329
                    1.84                     -0.39617354
               1.8430001                      -0.3972166
                   1.846                     -0.39727294
                   1.849                     -0.39656761
                   1.852                     -0.39537745
                   1.855                       -0.394011
                   1.858                     -0.39279699
               1.8609999                     -0.39207061
                   1.864                     -0.39215636
                   1.867                     -0.39335001
                    1.87                     -0.39591076
                   1.873                     -0.40004378
                   1.876                     -0.40589298
               1.8789999                     -0.41353606
                   1.882                     -0.42297319
                   1.885                     -0.43413442
                   1.888                     -0.44687737
                   1.891                     -0.46099321
               1.8940001                     -0.47621473
                   1.897                     -0.49223055
                     1.9                     -0.50869793
                   1.903                      -0.5252594
                   1.906                     -0.54155831
                   1.909                     -0.55726376
               1.9119999                     -0.57208151
                   1.915                     -0.58577444
                   1.918                     -0.59818101
                   1.921                     -0.60922046
                   1.924                     -0.61890227
                   1.927                     -0.62733358
               1.9299999                       -0.634713
                   1.933                     -0.64132595
                   1.936                     -0.64753243
                   1.939                      -0.6537566
                   1.942                     -0.66046423
               1.9450001                     -0.66814731
                   1.948                     -0.67730122
                   1.951                     -0.68840521
                   1.954                     -0.70190225
                   1.957                     -0.71818195
                    1.96                     -0.73756438
               1.9630001                     -0.76028749
                   1.966                     -0.78649712
                   1.969                     -0.81624265
                   1.972                     -0.84947472
                   1.975                     -0.88604971
                   1.978                     -0.92573427
               1.9809999                     -0.96822283
                   1.984                      -1.0131489
                   1.987                      -1.0601104
                    1.99                      -1.1086948
                   1.993                      -1.1585079
               1.9960001                      -1.2092044
                   1.999                      -1.2605213
               2.0020001                      -1.3123103
               2.0050001                      -1.3645666
               2.0079999                      -1.4174529
               2.0109999                      -1.4713225
               2.0139999                      -1.5267305
                   2.017                      -1.5844421
                    2.02                       -1.645429
                   2.023                      -1.7108652
                   2.026                      -1.7821116
                   2.029                      -1.8607011
               2.0320001                      -1.9483187
               2.0350001                      -2.0467819
               2.0380001                      -2.1580228
               2.0409999                      -2.2840744
               2.0439999                      -2.4270519
               2.0469999                      -2.5891534
                    2.05                      -2.7726471
                   2.053                      -2.9798784
                   2.056                      -3.2132652
                   2.059                      -3.4753069
                   2.062                      -3.7685812
               2.0650001                      -4.0957434
               2.0680001                      -4.4594982
               2.0710001                      -4.8625619
               2.0739999                      -5.3075513
               2.0769999                      -5.7968078
               2.0799999                      -6.3320614
               2.0829999                      -6.9138464
                   2.086                      -7.5405162
                   2.089                      -8.2066146
                   2.092                      -8.9003186
                   2.095                       -9.599778
                   2.098                      -10.268753
               2.1010001                      -10.853664
               2.1040001                      -11.286854
               2.1070001                      -11.501872
               2.1099999                      -11.459097
               2.1129999                      -11.165573
               2.1159999                      -10.671244
                   2.119                      -10.045235
                   2.122                      -9.3521415
                   2.125                      -8.6405513
                   2.128                      -7.9421822
                   2.131                      -7.2756015
               2.1340001                      -6.6505012
               2.1370001                      -6.0710518
               2.1400001                      -5.5381639
               2.1429999                      -5.0509056
               2.1459999                      -4.6073599
               2.1489999                      -4.2051188
                   2.152                      -3.8415679
                   2.155                      -3.5140427
                   2.158                      -3.2199135
                   2.161                      -2.9566225
                   2.164                      -2.7216934
               2.1670001                      -2.5127437
               2.1700001                      -2.3274731
               2.1730001                      -2.1636626
               2.1760001                       -2.019169
               2.1789999                       -1.891921
               2.1819999                       -1.779923
               2.1849999                       -1.681259
                   2.188                      -1.5941005
                   2.191                      -1.5167182
                   2.194                      -1.4474946
                   2.197                       -1.384939
                     2.2                       -1.327707
               2.2030001                      -1.2746089
               2.2060001                      -1.2246264
               2.2090001                      -1.1769166
               2.2119999                        -1.13082
               2.2149999                       -1.085855
               2.2179999                      -1.0417106
                   2.221                     -0.99823567
                   2.224                     -0.95541537
                   2.227                     -0.91335325
                    2.23                      -0.8722467
                   2.233                      -0.8323546
               2.2360001                     -0.79397751
               2.2390001                     -0.75742745
               2.2420001                     -0.72300641
               2.2449999                     -0.69098661
               2.2479999                     -0.66159173
               2.2509999                     -0.63498377
               2.2539999                     -0.61125716
                   2.257                     -0.59042701
                    2.26                     -0.57243536
                   2.263                     -0.55714595
                   2.266                     -0.54435582
               2.2690001                      -0.5337987
               2.2720001                     -0.52515921
               2.2750001                     -0.51808424
               2.2780001                     -0.51219714
               2.2809999                     -0.50711523
               2.2839999                     -0.50246156
               2.2869999                     -0.49788477
                    2.29                     -0.49306876
                   2.293                     -0.48774794
                   2.296                     -0.48171464
                   2.299                     -0.47482605
                   2.302                     -0.46701136
               2.3050001                     -0.45826515
               2.3080001                     -0.44864989
               2.3110001                     -0.43828493
               2.3139999                     -0.42734257
               2.3169999                     -0.41603142
               2.3199999                     -0.40458739
                   2.323                     -0.39326048
                   2.326                     -0.38230044
                   2.329                     -0.37194266
                   2.332                     -0.36240018
                   2.335                     -0.35385314
               2.3380001                     -0.34643756
               2.3410001                       -0.340245
               2.3440001                     -0.33531548
               2.3469999                     -0.33163864
               2.3499999                      -0.3291524
               2.3529999                     -0.32775061
               2.3559999                     -0.32728649
                   2.359                     -0.32757996
                   2.362                     -0.32842679
                   2.365                     -0.32960786
                   2.368                     -0.33089998
               2.3710001                      -0.3320864
               2.3740001                     -0.33296595
               2.3770001                     -0.33336353
               2.3800001                     -0.33313652
               2.3829999                     -0.33218058
               2.3859999                     -0.33043568
               2.3889999                     -0.32788495
                   2.392                     -0.32455794
                   2.395                     -0.32052496
                   2.398                     -0.31589336
                   2.401                     -0.31079961
                   2.404                     -0.30540778
               2.4070001                      -0.2998917
               2.4100001                     -0.29443304
               2.4130001                     -0.28921051
               2.4159999                     -0.28438963
               2.4189999                     -0.28011569
               2.4219999                      -0.2765094
                   2.425                     -0.27365922
                   2.428                     -0.27161783
                   2.431                      -0.2704027
                   2.434                       -0.269992
                   2.437                     -0.27033196
               2.4400001                     -0.27133293
               2.4430001                     -0.27287942
               2.4460001                     -0.27483504
               2.4489999                     -0.27704613
               2.4519999                     -0.27935364
               2.4549999                     -0.28159766
               2.4579999                     -0.28362599
                   2.461                     -0.28530104
                   2.464                     -0.28650533
                   2.467                     -0.28715175
                    2.47                     -0.28718096
                   2.473                     -0.28656471
               2.4760001                     -0.28531323
               2.4790001                     -0.28346374
               2.4820001                      -0.2810884
               2.4849999                     -0.27828153
               2.4879999                     -0.27516052
               2.4909999                      -0.2718562
                   2.494                     -0.26850827
                   2.497                     -0.26525623
                     2.5                     -0.26223487
                   2.503                     -0.25956587
                   2.506                     -0.25735529
               2.5090001                     -0.25568397
               2.5120001                     -0.25460798
               2.5150001                     -0.25415509
               2.5179999                     -0.25432406
               2.5209999                     -0.25508481
               2.5239999                     -0.25637987
                   2.527                     -0.25812907
                    2.53                     -0.26023068
                   2.533                     -0.26257034
                   2.536                     -0.26502229
                   2.539                     -0.26746021
               2.5420001                      -0.2697601
               2.5450001                     -0.27180574
               2.5480001                     -0.27349702
               2.5510001                     -0.27475202
               2.5539999                     -0.27551272
               2.5569999                     -0.27574644
               2.5599999                     -0.27544777
                   2.563                       -0.274637
                   2.566                     -0.27336134
                   2.569                     -0.27168972
                   2.572                     -0.26971048
                   2.575                      -0.2675263
               2.5780001                     -0.26524918
               2.5810001                     -0.26299548
               2.5840001                     -0.26087759
               2.5869999                     -0.25900327
               2.5899999                     -0.25746489
               2.5929999                      -0.2563402
                   2.596                     -0.25568565
                   2.599                     -0.25553525
                   2.602                     -0.25589859
                   2.605                     -0.25676162
                   2.608                     -0.25808695
               2.6110001                     -0.25981504
               2.6140001                     -0.26186957
               2.6170001                     -0.26415765
               2.6199999                     -0.26657786
               2.6229999                      -0.2690244
               2.6259999                     -0.27139026
               2.6289999                     -0.27357479
                   2.632                     -0.27548673
                   2.635                     -0.27704999
                   2.638                     -0.27820587
                   2.641                     -0.27891745
               2.6440001                     -0.27917059
               2.6470001                     -0.27897225
               2.6500001                     -0.27835375
               2.6530001                     -0.27736596
               2.6559999                     -0.27607777
               2.6589999                      -0.2745729
               2.6619999                     -0.27294405
                   2.665                     -0.27129063
                   2.668                     -0.26971203
                   2.671                     -0.26830403
                   2.674                     -0.26715176
                   2.677                     -0.26632996
               2.6800001                     -0.26589553
               2.6830001                     -0.26588754
               2.6860001                     -0.26632277
               2.6889999                     -0.26719985
               2.6919999                     -0.26849384
               2.6949999                      -0.2701608
                   2.698                     -0.27214133
                   2.701                     -0.27435958
                   2.704                     -0.27673013
                   2.707                     -0.27916055
                    2.71                     -0.28155654
               2.7130001                     -0.28382804
               2.7160001                     -0.28588929
               2.7190001                       -0.287667
               2.7219999                      -0.2891039
               2.7249999                     -0.29015796
               2.7279999                      -0.2908071
               2.7309999                     -0.29104982
                   2.734                     -0.29090392
                   2.737                     -0.29040812
                    2.74                     -0.28961628
                   2.743                     -0.28859801
               2.7460001                     -0.28743229
               2.7490001                     -0.28620658
               2.7520001                     -0.28500953
               2.7550001                     -0.28392921
               2.7579999                     -0.28304654
               2.7609999                     -0.28243238
               2.7639999                     -0.28214642
                   2.767                     -0.28223046
                    2.77                     -0.28270981
                   2.773                     -0.28358874
                   2.776                     -0.28485569
                   2.779                     -0.28647806
               2.7820001                     -0.28840795
               2.7850001                     -0.29058262
               2.7880001                     -0.29292957
               2.7909999                     -0.29536593
               2.7939999                     -0.29780774
               2.7969999                     -0.30017035
                     2.8                     -0.30237273
                   2.803                     -0.30434566
                   2.806                     -0.30602741
                   2.809                     -0.30737476
                   2.812                     -0.30835886
               2.8150001                      -0.3089705
               2.8180001                     -0.30921761
               2.8210001                      -0.3091284
               2.8239999                     -0.30874455
               2.8269999                      -0.3081258
               2.8299999                     -0.30734004
               2.8329999                     -0.30646462
                   2.836                     -0.30558148
                   2.839                     -0.30477195
                   2.842                     -0.30411493
                   2.845                      -0.3036801
                   2.848                     -0.30352696
               2.8510001                     -0.30370294
               2.8540001                     -0.30423643
               2.8570001                     -0.30514253
               2.8599999                     -0.30641543
               2.8629999                       -0.308034
               2.8659999                     -0.30996004
                   2.869                     -0.31214143
                   2.872                     -0.31451245
                   2.875                     -0.31700199
                   2.878                     -0.31953091
                   2.881                     -0.32202015
               2.8840001                     -0.32439273
               2.8870001                     -0.32657749
               2.8900001                     -0.32851413
               2.8929999                     -0.33015314
               2.8959999                     -0.33146302
               2.8989999                     -0.33242435
                   2.902                     -0.33303989
                   2.905                      -0.3333256
                   2.908                     -0.33331731
                   2.911                      -0.3330625
                   2.914                     -0.33262165
               2.9170001                     -0.33206598
               2.9200001                     -0.33147003
               2.9230001                     -0.33091256
               2.9260001                     -0.33046863
               2.9289999                     -0.33020864
               2.9319999                     -0.33019398
               2.9349999                      -0.3304759
                   2.938                     -0.33108865
                   2.941                     -0.33205355
                   2.944                     -0.33337413
                   2.947                     -0.33503651
                    2.95                     -0.33701189
               2.9530001                     -0.33925666
               2.9560001                     -0.34171292
               2.9590001                     -0.34431633
               2.9619999                     -0.34699354
               2.9649999                     -0.34966793
               2.9679999                     -0.35226562
                   2.971                     -0.35471551
                   2.974                     -0.35695287
                   2.977                     -0.35892706
                    2.98                     -0.36059836
                   2.983                      -0.3619443
               2.9860001                     -0.36295557
               2.9890001                     -0.36364275
               2.9920001                     -0.36403075
               2.9949999                     -0.36416017
               2.9979999                     -0.36408425
               3.0009999                     -0.36386806
               3.0039999                     -0.36358152
                   3.007                     -0.36329837
                    3.01                     -0.36309547
                   3.013                     -0.36304141
                   3.016                     -0.36320178
               3.0190001                     -0.36363031
               3.0220001                     -0.36436912
               3.0250001                     -0.36544523
               3.0280001                     -0.36687034
               3.0309999                     -0.36863884
               3.0339999                     -0.37073038
               3.0369999                     -0.37310915
                    3.04                     -0.37572599
                   3.043                     -0.37852036
                   3.046                     -0.38142515
                   3.049                     -0.38436725
                   3.052                     -0.38727224
               3.0550001                     -0.39006954
               3.0580001                     -0.39269252
               3.0610001                     -0.39508507
               3.0639999                     -0.39720245
               3.0669999                     -0.39901306
               3.0699999                     -0.40050325
                   3.073                      -0.4016721
                   3.076                      -0.4025379
                   3.079                     -0.40313279
                   3.082                      -0.4035036
                   3.085                     -0.40370727
               3.0880001                     -0.40381001
               3.0910001                     -0.40388429
               3.0940001                     -0.40400437
               3.0969999                     -0.40424093
               3.0999999                     -0.40466254
               3.1029999                     -0.40532622
               3.1059999                     -0.40628126
                   3.109                     -0.40756038
                   3.112                     -0.40918484
                   3.115                     -0.41115777
                   3.118                     -0.41346609
               3.1210001                     -0.41608321
               3.1240001                     -0.41896753
               3.1270001                     -0.42206355
               3.1300001                     -0.42530929
               3.1329999                     -0.42863543
               3.1359999                     -0.43196885
               3.1389999                     -0.43523703
                   3.142                     -0.43837234
                   3.145                     -0.44131306
                   3.148                     -0.44400884
                   3.151                     -0.44642197
                   3.154                     -0.44852802
               3.1570001                     -0.45032002
               3.1600001                     -0.45180596
               3.1630001                       -0.453011
               3.1659999                     -0.45397292
               3.1689999                     -0.45474387
               3.1719999                     -0.45538584
                   3.175                      -0.4559675
                   3.178                     -0.45656026
                   3.181                     -0.45723995
                   3.184                     -0.45807445
                   3.187                     -0.45912895
               3.1900001                     -0.46045591
               3.1930001                      -0.4620996
               3.1960001                     -0.46408792
               3.1989999                     -0.46643335
               3.2019999                     -0.46913359
               3.2049999                      -0.4721707
               3.2079999                      -0.4755098
                   3.211                     -0.47910596
                   3.214                     -0.48290035
                   3.217                     -0.48682871
                    3.22                     -0.49082019
                   3.223                     -0.49480089
               3.2260001                     -0.49870236
               3.2290001                     -0.50245709
               3.2320001                     -0.50600975
               3.2349999                     -0.50931492
               3.2379999                     -0.51233805
               3.2409999                      -0.5150636
                   3.244                     -0.51749009
                   3.247                     -0.51963233
                    3.25                     -0.52151925
                   3.253                     -0.52319514
                   3.256                     -0.52471535
               3.2590001                     -0.52614649
               3.2620001                     -0.52755679
               3.2650001                     -0.52902165
               3.2679999                     -0.53061251
               3.2709999                     -0.53239925
               3.2739999                     -0.53444207
                   3.277                     -0.53679267
                    3.28                     -0.53948921
                   3.283                     -0.54255645
                   3.286                      -0.5460032
                   3.289                     -0.54982158
               3.2920001                     -0.55399221
               3.2950001                     -0.55847757
               3.2980001                     -0.56322799
               3.3010001                     -0.56818685
               3.3039999                     -0.57328716
               3.3069999                     -0.57845976
               3.3099999                     -0.58363257
                   3.313                     -0.58873873
                   3.316                     -0.59371645
                   3.319                      -0.5985129
                   3.322                     -0.60308551
                   3.325                      -0.6074075
               3.3280001                     -0.61146696
               3.3310001                     -0.61526509
               3.3340001                     -0.61882086
               3.3369999                     -0.62216931
               3.3399999                     -0.62535504
               3.3429999                      -0.6284362
                   3.346                     -0.63148024
                   3.349                     -0.63455622
                   3.352                     -0.63774064
                   3.355                     -0.64110558
                   3.358                     -0.64471797
               3.3610001                     -0.64864109
               3.3640001                     -0.65292434
               3.3670001                     -0.65760824
               3.3699999                     -0.66271605
               3.3729999                     -0.66826122
               3.3759999                     -0.67423875
               3.3789999                     -0.68063033
                   3.382                     -0.68740455
                   3.385                     -0.69451841
                   3.388                     -0.70191815
                   3.391                     -0.70954639
               3.3940001                     -0.71733991
               3.3970001                     -0.72523292
               3.4000001                     -0.73316751
               3.4030001                     -0.74108472
               3.4059999                      -0.7489401
               3.4089999                     -0.75669497
               3.4119999                     -0.76432634
                   3.415                     -0.77182301
                   3.418                     -0.77919037
                   3.421                     -0.78644662
                   3.424                     -0.79362553
                   3.427                     -0.80077244
               3.4300001                     -0.80794533
               3.4330001                     -0.81520996
               3.4360001                     -0.82263926
               3.4389999                     -0.83030994
               3.4419999                     -0.83829997
               3.4449999                     -0.84668592
                   3.448                     -0.85554133
                   3.451                      -0.8649303
                   3.454                     -0.87490992
                   3.457                     -0.88553026
                    3.46                     -0.89682832
               3.4630001                     -0.90882979
               3.4660001                     -0.92154916
               3.4690001                       -0.934992
               3.4719999                     -0.94915113
               3.4749999                      -0.9640148
               3.4779999                     -0.97956327
               3.4809999                     -0.99576977
                   3.484                      -1.0126091
                   3.487                      -1.0300544
                    3.49                      -1.0480788
                   3.493                      -1.0666645
               3.4960001                       -1.085797
               3.4990001                      -1.1054719
               3.5020001                      -1.1256937
               3.5050001                      -1.1464834
               3.5079999                      -1.1678713
               3.5109999                      -1.1899054
               3.5139999                      -1.2126485
                   3.517                      -1.2361802
                    3.52                      -1.2605975
                   3.523                       -1.286013
                   3.526                      -1.3125599
                   3.529                      -1.3403858
               3.5320001                      -1.3696582
               3.5350001                      -1.4005599
               3.5380001                      -1.4332907
               3.5409999                      -1.4680643
               3.5439999                      -1.5051094
               3.5469999                      -1.5446665
                    3.55                      -1.5869858
                   3.553                      -1.6323265
                   3.556                        -1.68095
                   3.559                      -1.7331161
                   3.562                      -1.7890802
               3.5650001                      -1.8490874
               3.5680001                      -1.9133623
               3.5710001                      -1.9821032
               3.5739999                      -2.0554704
               3.5769999                        -2.13358
               3.5799999                       -2.216486
               3.5829999                      -2.3041705
                   3.586                      -2.3965294
                   3.589                      -2.4933548
                   3.592                      -2.5943215
                   3.595                      -2.6989656
                   3.598                      -2.8066737
               3.6010001                      -2.9166649
               3.6040001                      -3.0279789
               3.6070001                      -3.1394688
               3.6099999                      -3.2497999
               3.6129999                       -3.357454
               3.6159999                      -3.4607502
                   3.619                      -3.5578745
                   3.622                      -3.6469291
                   3.625                      -3.7259877
                   3.628                      -3.7931764
                   3.631                      -3.8467576
               3.6340001                      -3.8852232
               3.6370001                      -3.9073804
               3.6400001                      -3.9124346
               3.6429999                      -3.9000379
               3.6459999                        -3.87033
               3.6489999                      -3.8239334
                   3.652                      -3.7619189
                   3.655                      -3.6857521
                   3.658                      -3.5972118
                   3.661                      -3.4982995
                   3.664                      -3.3911429
               3.6670001                      -3.2779148
               3.6700001                      -3.1607444
               3.6730001                      -3.0416581
               3.6760001                      -2.9225294
               3.6789999                      -2.8050419
               3.6819999                      -2.6906692
               3.6849999                      -2.5806628
                   3.688                      -2.4760484
                   3.691                      -2.3776341
                   3.694                      -2.2860145
                   3.697                      -2.2015859
                     3.7                      -2.1245596
               3.7030001                      -2.0549765
               3.7060001                      -1.9927237
               3.7090001                      -1.9375498
               3.7119999                       -1.889086
               3.7149999                      -1.8468612
               3.7179999                      -1.8103211
                   3.721                      -1.7788498
                   3.724                      -1.7517869
                   3.727                      -1.7284534
                    3.73                      -1.7081654
                   3.733                      -1.6902641
               3.7360001                      -1.6741287
               3.7390001                      -1.6591983
               3.7420001                       -1.644988
               3.7449999                       -1.631101
               3.7479999                      -1.6172418
               3.7509999                      -1.6032137
               3.7539999                      -1.5889284
                   3.757                       -1.574398
                    3.76                      -1.5597237
                   3.763                        -1.54509
                   3.766                      -1.5307457
               3.7690001                      -1.5169861
               3.7720001                      -1.5041363
               3.7750001                      -1.4925317
               3.7780001                      -1.4824968
               3.7809999                      -1.4743311
               3.7839999                      -1.4682926
               3.7869999                      -1.4645824
                    3.79                      -1.4633381
                   3.793                      -1.4646223
                   3.796                      -1.4684238
                   3.799                      -1.4746516
                   3.802                      -1.4831399
               3.8050001                      -1.4936542
               3.8080001                      -1.5058994
               3.8110001                      -1.5195306
               3.8139999                      -1.5341673
               3.8169999                      -1.5494101
               3.8199999                      -1.5648565
                   3.823                      -1.5801208
                   3.826                       -1.594848
                   3.829                      -1.6087332
                   3.832                      -1.6215356
                   3.835                      -1.6330894
               3.8380001                      -1.6433095
               3.8410001                       -1.652201
               3.8440001                      -1.6598553
               3.8469999                       -1.666444
               3.8499999                      -1.6722126
               3.8529999                      -1.6774691
               3.8559999                      -1.6825673
                   3.859                      -1.6878883
                   3.862                      -1.6938277
                   3.865                      -1.7007724
                   3.868                      -1.7090854
               3.8710001                      -1.7190897
               3.8740001                      -1.7310532
               3.8770001                      -1.7451791
               3.8800001                      -1.7615956
               3.8829999                      -1.7803471
               3.8859999                      -1.8014001
               3.8889999                      -1.8246353
                   3.892                       -1.849856
                   3.895                      -1.8767969
                   3.898                      -1.9051306
                   3.901                      -1.9344856
                   3.904                      -1.9644594
               3.9070001                       -1.994638
               3.9100001                      -2.0246142
               3.9130001                      -2.0540065
               3.9159999                       -2.082481
               3.9189999                      -2.1097633
               3.9219999                      -2.1356581
                   3.925                       -2.160058
                   3.928                      -2.1829483
                   3.931                      -2.2044151
                   3.934                      -2.2246342
                   3.937                      -2.2438722
               3.9400001                      -2.2624695
               3.9430001                      -2.2808251
               3.9460001                      -2.2993814
               3.9489999                      -2.3186003
               3.9519999                      -2.3389522
               3.9549999                      -2.3608814
               3.9579999                      -2.3848004
                   3.961                      -2.4110648
                   3.964                      -2.4399639
                   3.967                      -2.4717029
                    3.97                      -2.5064003
                   3.973                      -2.5440772
               3.9760001                      -2.5846606
               3.9790001                      -2.6279795
               3.9820001                      -2.6737781
               3.9849999                      -2.7217199
               3.9879999                      -2.7713986
               3.9909999                      -2.8223619
                   3.994                      -2.8741256
                   3.997                      -2.9261939
                       4                       -2.978087

