        Frequency / GHz                S1,1/abs,dB
----------------------------------------------------------------------
                       1                     -0.10611756
                   1.003                     -0.10586541
                   1.006                     -0.10591148
               1.0089999                     -0.10622106
                   1.012                     -0.10675577
                   1.015                     -0.10747927
                   1.018                     -0.10835126
                   1.021                     -0.10932903
                   1.024                     -0.11037404
                   1.027                      -0.1114443
                    1.03                     -0.11250073
                   1.033                     -0.11350587
                   1.036                     -0.11442314
                   1.039                     -0.11521808
               1.0420001                     -0.11586156
                   1.045                     -0.11632582
                   1.048                     -0.11658717
                   1.051                     -0.11662616
                   1.054                     -0.11642781
                   1.057                     -0.11598188
               1.0599999                      -0.1152813
                   1.063                     -0.11432483
                   1.066                     -0.11311583
                   1.069                     -0.11166067
                   1.072                     -0.10997011
                   1.075                     -0.10806187
               1.0779999                     -0.10595384
                   1.081                      -0.1036682
                   1.084                     -0.10123073
                   1.087                    -0.098669184
                    1.09                    -0.096013531
               1.0930001                     -0.09329505
                   1.096                    -0.090545805
                   1.099                    -0.087798577
                   1.102                    -0.085087431
                   1.105                    -0.082443206
                   1.108                    -0.079898703
               1.1109999                    -0.077481903
                   1.114                    -0.075223055
                   1.117                    -0.073145857
                    1.12                    -0.071275079
                   1.123                    -0.069629806
                   1.126                    -0.068226104
               1.1289999                    -0.067078013
                   1.132                    -0.066196198
                   1.135                    -0.065585687
                   1.138                     -0.06524871
                   1.141                    -0.065183578
               1.1440001                    -0.065385785
                   1.147                    -0.065846197
                    1.15                    -0.066552331
                   1.153                    -0.067488038
                   1.156                    -0.068636334
                   1.159                    -0.069974109
               1.1619999                    -0.071479166
                   1.165                    -0.073124732
                   1.168                    -0.074884353
                   1.171                    -0.076728945
                   1.174                    -0.078629273
                   1.177                    -0.080555696
               1.1799999                    -0.082478878
                   1.183                    -0.084369306
                   1.186                    -0.086199556
                   1.189                    -0.087941671
                   1.192                    -0.089571694
               1.1950001                    -0.091066409
                   1.198                    -0.092404799
                   1.201                     -0.09356916
                   1.204                    -0.094545207
                   1.207                    -0.095320716
                    1.21                    -0.095887004
               1.2130001                    -0.096239537
                   1.216                    -0.096377003
                   1.219                    -0.096299777
                   1.222                     -0.09601423
                   1.225                    -0.095528583
                   1.228                    -0.094853177
               1.2309999                     -0.09400362
                   1.234                    -0.092995351
                   1.237                    -0.091848198
                    1.24                    -0.090584257
                   1.243                    -0.089225245
               1.2460001                    -0.087795289
                   1.249                    -0.086318669
                   1.252                    -0.084821326
                   1.255                    -0.083330218
                   1.258                     -0.08186899
                   1.261                    -0.080463295
               1.2640001                    -0.079135658
                   1.267                    -0.077908803
                    1.27                    -0.076803506
                   1.273                    -0.075838851
                   1.276                    -0.075030893
                   1.279                    -0.074392785
               1.2819999                    -0.073937514
                   1.285                    -0.073671993
                   1.288                    -0.073603509
                   1.291                    -0.073734481
                   1.294                    -0.074064383
               1.2970001                    -0.074590438
                     1.3                     -0.07530768
                   1.303                    -0.076207452
                   1.306                    -0.077277336
                   1.309                    -0.078505694
                   1.312                    -0.079875575
               1.3150001                    -0.081369837
                   1.318                    -0.082969703
                   1.321                    -0.084654212
                   1.324                    -0.086401959
                   1.327                    -0.088190313
                    1.33                    -0.089997018
               1.3329999                    -0.091799656
                   1.336                    -0.093574487
                   1.339                    -0.095300728
                   1.342                     -0.09695746
                   1.345                    -0.098525052
                   1.348                    -0.099985842
                   1.351                     -0.10132258
                   1.354                     -0.10252204
                   1.357                     -0.10357194
                    1.36                     -0.10446241
                   1.363                     -0.10518737
               1.3660001                     -0.10574096
                   1.369                     -0.10612252
                   1.372                     -0.10633244
                   1.375                     -0.10637395
                   1.378                      -0.1062538
                   1.381                     -0.10598008
               1.3839999                     -0.10556348
                   1.387                     -0.10501656
                    1.39                     -0.10435473
                   1.393                     -0.10359312
                   1.396                     -0.10275037
                   1.399                     -0.10184512
                   1.402                     -0.10089635
                   1.405                    -0.099924726
                   1.408                    -0.098950134
                   1.411                    -0.097992992
                   1.414                    -0.097073341
               1.4170001                    -0.096208762
                    1.42                    -0.095417762
                   1.423                    -0.094718355
                   1.426                     -0.09412509
                   1.429                    -0.093649868
                   1.432                    -0.093306198
               1.4349999                    -0.093103982
                   1.438                    -0.093049388
                   1.441                     -0.09314793
                   1.444                    -0.093403842
                   1.447                    -0.093815827
                    1.45                    -0.094382866
               1.4529999                    -0.095101469
                   1.456                     -0.09596458
                   1.459                    -0.096964557
                   1.462                    -0.098091244
                   1.465                     -0.09933172
               1.4680001                     -0.10067227
                   1.471                     -0.10209887
                   1.474                     -0.10359404
                   1.477                     -0.10514224
                    1.48                     -0.10672406
                   1.483                     -0.10832276
               1.4859999                     -0.10991823
                   1.489                     -0.11149445
                   1.492                     -0.11303179
                   1.495                     -0.11451469
                   1.498                     -0.11592643
                   1.501                     -0.11725259
               1.5039999                     -0.11847913
                   1.507                     -0.11959545
                    1.51                     -0.12058952
                   1.513                     -0.12145464
                   1.516                     -0.12218447
               1.5190001                     -0.12277472
                   1.522                     -0.12322377
                   1.525                      -0.1235308
                   1.528                     -0.12369997
                   1.531                     -0.12373421
                   1.534                     -0.12364026
               1.5369999                     -0.12342773
                    1.54                     -0.12310548
                   1.543                     -0.12268549
                   1.546                     -0.12218122
                   1.549                     -0.12160689
                   1.552                     -0.12097747
               1.5549999                     -0.12030941
                   1.558                     -0.11961786
                   1.561                     -0.11892178
                   1.564                     -0.11823615
                   1.567                     -0.11757755
               1.5700001                     -0.11696198
                   1.573                     -0.11640508
                   1.576                     -0.11592064
                   1.579                     -0.11552138
                   1.582                     -0.11521929
                   1.585                     -0.11502406
               1.5880001                     -0.11494447
                   1.591                      -0.1149871
                   1.594                     -0.11515743
                   1.597                     -0.11545728
                     1.6                      -0.1158876
                   1.603                     -0.11644834
               1.6059999                     -0.11713639
                   1.609                     -0.11794651
                   1.612                     -0.11887233
                   1.615                     -0.11990556
                   1.618                       -0.121036
               1.6210001                     -0.12225342
                   1.624                     -0.12354392
                   1.627                     -0.12489577
                    1.63                     -0.12629286
                   1.633                     -0.12772174
                   1.636                     -0.12916667
               1.6390001                     -0.13061152
                   1.642                      -0.1320421
                   1.645                      -0.1334429
                   1.648                     -0.13479862
                   1.651                     -0.13609582
                   1.654                     -0.13732225
               1.6569999                     -0.13846596
                    1.66                     -0.13951563
                   1.663                     -0.14046408
                   1.666                     -0.14130246
                   1.669                     -0.14202517
               1.6720001                      -0.1426293
                   1.675                     -0.14311283
                   1.678                     -0.14347428
                   1.681                     -0.14371614
                   1.684                     -0.14384224
                   1.687                     -0.14385767
               1.6900001                     -0.14376749
                   1.693                     -0.14358299
                   1.696                     -0.14331241
                   1.699                     -0.14296753
                   1.702                     -0.14255915
                   1.705                     -0.14210218
               1.7079999                     -0.14160836
                   1.711                     -0.14109402
                   1.714                     -0.14057177
                   1.717                     -0.14005776
                    1.72                     -0.13956524
                   1.723                      -0.1391086
                   1.726                     -0.13870097
                   1.729                     -0.13835609
                   1.732                     -0.13808374
                   1.735                     -0.13789536
                   1.738                     -0.13780071
               1.7410001                     -0.13780749
                   1.744                     -0.13792039
                   1.747                     -0.13814583
                    1.75                     -0.13848602
                   1.753                     -0.13894257
                   1.756                     -0.13951423
               1.7589999                     -0.14019981
                   1.762                     -0.14099489
                   1.765                     -0.14189386
                   1.768                     -0.14288965
                   1.771                     -0.14397514
                   1.774                      -0.1451392
                   1.777                     -0.14637162
                    1.78                     -0.14766039
                   1.783                     -0.14899261
                   1.786                     -0.15035569
                   1.789                     -0.15173536
               1.7920001                     -0.15311827
                   1.795                     -0.15449038
                   1.798                     -0.15583803
                   1.801                     -0.15714869
                   1.804                     -0.15840963
                   1.807                     -0.15960683
               1.8099999                     -0.16073283
                   1.813                     -0.16177611
                   1.816                     -0.16272812
                   1.819                     -0.16358203
                   1.822                      -0.1643335
                   1.825                     -0.16497691
               1.8279999                     -0.16551099
                   1.831                     -0.16593544
                   1.834                     -0.16625091
                   1.837                     -0.16645984
                    1.84                     -0.16656698
               1.8430001                     -0.16657832
                   1.846                     -0.16650128
                   1.849                     -0.16634387
                   1.852                     -0.16611652
                   1.855                     -0.16583055
                   1.858                     -0.16549672
               1.8609999                     -0.16512878
                   1.864                     -0.16473873
                   1.867                      -0.1643414
                    1.87                     -0.16394866
                   1.873                     -0.16357415
                   1.876                     -0.16323163
               1.8789999                     -0.16293304
                   1.882                     -0.16269031
                   1.885                     -0.16251493
                   1.888                     -0.16241835
                   1.891                      -0.1624063
               1.8940001                     -0.16248865
                   1.897                     -0.16267123
                     1.9                     -0.16295816
                   1.903                     -0.16335279
                   1.906                     -0.16385852
                   1.909                     -0.16447329
               1.9119999                     -0.16519636
                   1.915                     -0.16602424
                   1.918                     -0.16695201
                   1.921                     -0.16797414
                   1.924                     -0.16908248
                   1.927                     -0.17026882
               1.9299999                     -0.17152273
                   1.933                     -0.17283324
                   1.936                     -0.17418868
                   1.939                     -0.17557737
                   1.942                     -0.17698487
               1.9450001                     -0.17839917
                   1.948                     -0.17980716
                   1.951                     -0.18119524
                   1.954                     -0.18255081
                   1.957                     -0.18386153
                    1.96                     -0.18511638
               1.9630001                     -0.18630444
                   1.966                     -0.18741543
                   1.969                      -0.1884428
                   1.972                     -0.18937655
                   1.975                     -0.19021419
                   1.978                     -0.19094889
               1.9809999                     -0.19157957
                   1.984                     -0.19210486
                   1.987                     -0.19252455
                    1.99                     -0.19284095
                   1.993                     -0.19305924
               1.9960001                      -0.1931838
                   1.999                     -0.19322156
               2.0020001                     -0.19318039
               2.0050001                     -0.19306935
               2.0079999                     -0.19289995
               2.0109999                     -0.19268258
               2.0139999                     -0.19242942
                   2.017                     -0.19215335
                    2.02                     -0.19186727
                   2.023                     -0.19158441
                   2.026                     -0.19131805
                   2.029                     -0.19108138
               2.0320001                     -0.19088699
               2.0350001                     -0.19074598
               2.0380001                     -0.19067097
               2.0409999                     -0.19067141
               2.0439999                     -0.19075624
               2.0469999                      -0.1909348
                    2.05                     -0.19121242
                   2.053                     -0.19159526
                   2.056                     -0.19208677
                   2.059                     -0.19268866
                   2.062                     -0.19340285
               2.0650001                     -0.19422563
               2.0680001                      -0.1951571
               2.0710001                     -0.19619137
               2.0739999                     -0.19732285
               2.0769999                     -0.19854475
               2.0799999                     -0.19984973
               2.0829999                     -0.20122558
                   2.086                     -0.20266465
                   2.089                     -0.20415147
                   2.092                     -0.20567731
                   2.095                      -0.2072277
                   2.098                     -0.20878886
               2.1010001                     -0.21034906
               2.1040001                     -0.21189358
               2.1070001                     -0.21341019
               2.1099999                      -0.2148853
               2.1129999                     -0.21630722
               2.1159999                     -0.21766521
                   2.119                     -0.21894903
                   2.122                     -0.22014958
                   2.125                      -0.2212585
                   2.128                     -0.22226992
                   2.131                     -0.22317955
               2.1340001                     -0.22398353
               2.1370001                     -0.22467946
               2.1400001                     -0.22526831
               2.1429999                     -0.22575244
               2.1459999                     -0.22613391
               2.1489999                     -0.22641861
                   2.152                     -0.22661349
                   2.155                     -0.22672564
                   2.158                      -0.2267638
                   2.161                     -0.22673987
                   2.164                     -0.22666509
               2.1670001                     -0.22655123
               2.1700001                     -0.22641181
               2.1730001                      -0.2262606
               2.1760001                     -0.22611072
               2.1789999                     -0.22597771
               2.1819999                     -0.22587382
               2.1849999                     -0.22581249
                   2.188                     -0.22580802
                   2.191                     -0.22587119
                   2.194                     -0.22601494
                   2.197                     -0.22624749
                     2.2                     -0.22658003
               2.2030001                     -0.22701861
               2.2060001                     -0.22756983
               2.2090001                     -0.22823922
               2.2119999                     -0.22902786
               2.2149999                     -0.22993883
               2.2179999                     -0.23097046
                   2.221                       -0.232121
                   2.224                     -0.23338623
                   2.227                     -0.23476106
                    2.23                     -0.23623786
                   2.233                     -0.23780939
               2.2360001                     -0.23946427
               2.2390001                      -0.2411909
               2.2420001                      -0.2429789
               2.2449999                     -0.24481389
               2.2479999                     -0.24668269
               2.2509999                     -0.24857087
               2.2539999                     -0.25046323
                   2.257                     -0.25234637
                    2.26                     -0.25420474
                   2.263                     -0.25602644
                   2.266                     -0.25779534
               2.2690001                     -0.25950049
               2.2720001                     -0.26112952
               2.2750001                     -0.26267283
               2.2780001                     -0.26412031
               2.2809999                     -0.26546551
               2.2839999                     -0.26670171
               2.2869999                     -0.26782491
                    2.29                     -0.26883195
                   2.293                     -0.26972354
                   2.296                     -0.27049969
                   2.299                     -0.27116473
                   2.302                     -0.27172245
               2.3050001                     -0.27218121
               2.3080001                     -0.27254738
               2.3110001                      -0.2728315
               2.3139999                     -0.27304606
               2.3169999                     -0.27320281
               2.3199999                     -0.27331574
                   2.323                     -0.27339858
                   2.326                     -0.27346733
                   2.329                     -0.27353807
                   2.332                     -0.27362554
                   2.335                     -0.27374617
               2.3380001                      -0.2739162
               2.3410001                     -0.27414981
               2.3440001                     -0.27446201
               2.3469999                     -0.27486533
               2.3499999                     -0.27537263
               2.3529999                     -0.27599592
               2.3559999                     -0.27674396
                   2.359                     -0.27762402
                   2.362                      -0.2786429
                   2.365                     -0.27980514
                   2.368                     -0.28111264
               2.3710001                     -0.28256571
               2.3740001                     -0.28416339
               2.3770001                     -0.28590152
               2.3800001                     -0.28777438
               2.3829999                     -0.28977558
               2.3859999                     -0.29189496
               2.3889999                     -0.29412183
                   2.392                     -0.29644308
                   2.395                     -0.29884726
                   2.398                     -0.30131788
                   2.401                     -0.30383824
                   2.404                     -0.30639426
               2.4070001                     -0.30896779
               2.4100001                     -0.31154069
               2.4130001                     -0.31409758
               2.4159999                     -0.31662088
               2.4189999                     -0.31909406
               2.4219999                     -0.32150247
                   2.425                     -0.32383168
                   2.428                     -0.32606804
                   2.431                     -0.32820063
                   2.434                     -0.33021947
                   2.437                     -0.33211679
               2.4400001                     -0.33388582
               2.4430001                     -0.33552402
               2.4460001                     -0.33702833
               2.4489999                     -0.33840064
               2.4519999                     -0.33964348
               2.4549999                     -0.34076177
               2.4579999                     -0.34176318
                   2.461                     -0.34265636
                   2.464                     -0.34345479
                   2.467                     -0.34417043
                    2.47                     -0.34481787
                   2.473                     -0.34541358
               2.4760001                     -0.34597644
               2.4790001                     -0.34652421
               2.4820001                     -0.34707621
               2.4849999                     -0.34765242
               2.4879999                     -0.34827307
               2.4909999                     -0.34895747
                   2.494                     -0.34972528
                   2.497                      -0.3505951
                     2.5                     -0.35158554
                   2.503                     -0.35271216
                   2.506                     -0.35398922
               2.5090001                     -0.35543129
               2.5120001                      -0.3570494
               2.5150001                     -0.35885174
               2.5179999                     -0.36084645
               2.5209999                     -0.36303753
               2.5239999                     -0.36542681
                   2.527                     -0.36801494
                    2.53                     -0.37079809
                   2.533                      -0.3737709
                   2.536                     -0.37692589
                   2.539                     -0.38025231
               2.5420001                     -0.38373824
               2.5450001                     -0.38736816
               2.5480001                     -0.39112605
               2.5510001                     -0.39499417
               2.5539999                     -0.39895357
               2.5569999                     -0.40298298
               2.5599999                     -0.40706012
                   2.563                     -0.41116517
                   2.566                     -0.41527487
                   2.569                     -0.41936656
                   2.572                     -0.42342083
                   2.575                     -0.42741536
               2.5780001                     -0.43133271
               2.5810001                      -0.4351531
               2.5840001                     -0.43886182
               2.5869999                     -0.44244517
               2.5899999                     -0.44589091
               2.5929999                     -0.44919053
                   2.596                     -0.45233769
                   2.599                     -0.45532826
                   2.602                     -0.45816363
                   2.605                     -0.46084567
                   2.608                     -0.46338019
               2.6110001                     -0.46577689
               2.6140001                     -0.46804742
               2.6170001                     -0.47020594
               2.6199999                     -0.47227094
               2.6229999                     -0.47426182
               2.6259999                       -0.476201
               2.6289999                     -0.47811365
                   2.632                     -0.48002394
                   2.635                      -0.4819595
                   2.638                     -0.48394986
                   2.641                     -0.48602198
               2.6440001                      -0.4882053
               2.6470001                      -0.4905285
               2.6500001                     -0.49301905
               2.6530001                     -0.49570506
               2.6559999                     -0.49861056
               2.6589999                      -0.5017594
               2.6619999                     -0.50517459
                   2.665                     -0.50887399
                   2.668                     -0.51287392
                   2.671                     -0.51718811
                   2.674                     -0.52182704
                   2.677                     -0.52679755
               2.6800001                      -0.5321031
               2.6830001                     -0.53774281
               2.6860001                     -0.54371469
               2.6889999                      -0.5500091
               2.6919999                     -0.55661725
               2.6949999                     -0.56352443
                   2.698                     -0.57071266
                   2.701                     -0.57816272
                   2.704                     -0.58585118
                   2.707                      -0.5937523
                    2.71                      -0.6018398
               2.7130001                      -0.6100849
               2.7160001                     -0.61845717
               2.7190001                     -0.62692586
               2.7219999                     -0.63546019
               2.7249999                     -0.64403222
               2.7279999                     -0.65260874
               2.7309999                     -0.66116359
                   2.734                        -0.66967
                   2.737                     -0.67810588
                    2.74                     -0.68644792
                   2.743                     -0.69468029
               2.7460001                      -0.7027895
               2.7490001                     -0.71076498
               2.7520001                     -0.71860234
               2.7550001                     -0.72630002
               2.7579999                     -0.73386382
               2.7609999                     -0.74130271
               2.7639999                     -0.74863125
                   2.767                     -0.75586985
                    2.77                     -0.76304283
                   2.773                     -0.77017995
                   2.776                     -0.77731447
                   2.779                     -0.78448671
               2.7820001                     -0.79173756
               2.7850001                     -0.79911416
               2.7880001                      -0.8066639
               2.7909999                     -0.81443886
               2.7939999                     -0.82249395
               2.7969999                      -0.8308817
                     2.8                     -0.83965929
                   2.803                     -0.84888103
                   2.806                      -0.8586025
                   2.809                     -0.86887905
                   2.812                     -0.87976162
               2.8150001                     -0.89130003
               2.8180001                     -0.90354319
               2.8210001                     -0.91653255
               2.8239999                     -0.93030931
               2.8269999                      -0.9449089
               2.8299999                     -0.96036124
               2.8329999                     -0.97669451
                   2.836                     -0.99392691
                   2.839                      -1.0120748
                   2.842                      -1.0311486
                   2.845                      -1.0511523
                   2.848                      -1.0720853
               2.8510001                      -1.0939404
               2.8540001                      -1.1167073
               2.8570001                      -1.1403709
               2.8599999                        -1.16491
               2.8629999                      -1.1903035
               2.8659999                      -1.2165224
                   2.869                        -1.24354
                   2.872                      -1.2713257
                   2.875                      -1.2998486
                   2.878                      -1.3290789
                   2.881                      -1.3589895
               2.8840001                      -1.3895527
               2.8870001                      -1.4207467
               2.8900001                      -1.4525556
               2.8929999                      -1.4849651
               2.8959999                      -1.5179753
               2.8989999                      -1.5515871
                   2.902                      -1.5858174
                   2.905                      -1.6206892
                   2.908                      -1.6562389
                   2.911                       -1.692517
                   2.914                      -1.7295861
               2.9170001                      -1.7675238
               2.9200001                      -1.8064217
               2.9230001                      -1.8463882
               2.9260001                      -1.8875473
               2.9289999                      -1.9300408
               2.9319999                      -1.9740249
               2.9349999                      -2.0196745
                   2.938                        -2.06718
                   2.941                        -2.11675
                   2.944                      -2.1686093
                   2.947                      -2.2229971
                    2.95                      -2.2801729
               2.9530001                      -2.3404082
               2.9560001                      -2.4039929
               2.9590001                      -2.4712329
               2.9619999                      -2.5424484
               2.9649999                      -2.6179755
               2.9679999                      -2.6981673
                   2.971                      -2.7833908
                   2.974                      -2.8740301
                   2.977                      -2.9704898
                    2.98                      -3.0731871
                   2.983                      -3.1825609
               2.9860001                      -3.2990701
               2.9890001                      -3.4231972
               2.9920001                      -3.5554468
               2.9949999                      -3.6963498
               2.9979999                       -3.846471
               3.0009999                      -4.0064024
               3.0039999                      -4.1767775
                   3.007                      -4.3582714
                    3.01                      -4.5516065
                   3.013                      -4.7575601
                   3.016                       -4.976973
               3.0190001                      -5.2107551
               3.0220001                      -5.4599008
               3.0250001                      -5.7254996
               3.0280001                      -6.0087503
               3.0309999                      -6.3109812
               3.0339999                      -6.6336659
               3.0369999                      -6.9784547
                    3.04                      -7.3471987
                   3.043                      -7.7419856
                   3.046                      -8.1651844
                   3.049                      -8.6194844
                   3.052                      -9.1079562
               3.0550001                      -9.6341077
               3.0580001                      -10.201939
               3.0610001                      -10.815996
               3.0639999                      -11.481373
               3.0669999                      -12.203635
               3.0699999                      -12.988533
                   3.073                      -13.841272
                   3.076                      -14.764857
                   3.079                      -15.756551
                   3.082                      -16.800656
                   3.085                      -17.855119
               3.0880001                      -18.831301
               3.0910001                      -19.579005
               3.0940001                      -19.916463
               3.0969999                      -19.735638
               3.0999999                      -19.093143
               3.1029999                      -18.160257
               3.1059999                      -17.105091
                   3.109                      -16.036637
                   3.112                      -15.010296
                   3.115                      -14.048843
                   3.118                       -13.15837
               3.1210001                      -12.337308
               3.1240001                      -11.580968
               3.1270001                      -10.883692
               3.1300001                      -10.239829
               3.1329999                      -9.6441314
               3.1359999                      -9.0918901
               3.1389999                      -8.5789453
                   3.142                      -8.1016548
                   3.145                      -7.6568271
                   3.148                       -7.241674
                   3.151                      -6.8537466
                   3.154                      -6.4908906
               3.1570001                      -6.1511996
               3.1600001                      -5.8329825
               3.1630001                       -5.534729
               3.1659999                      -5.2550855
               3.1689999                      -4.9928299
               3.1719999                      -4.7468601
                   3.175                      -4.5161661
                   3.178                      -4.2998286
                   3.181                      -4.0969997
                   3.184                      -3.9068937
                   3.187                      -3.7287835
               3.1900001                      -3.5619867
               3.1930001                      -3.4058665
               3.1960001                      -3.2598191
               3.1989999                      -3.1232722
               3.2019999                      -2.9956849
               3.2049999                      -2.8765355
               3.2079999                      -2.7653284
                   3.211                       -2.661584
                   3.214                      -2.5648409
                   3.217                      -2.4746537
                    3.22                      -2.3905878
                   3.223                      -2.3122255
               3.2260001                      -2.2391594
               3.2290001                      -2.1709943
               3.2320001                      -2.1073475
               3.2349999                      -2.0478468
               3.2379999                      -1.9921334
               3.2409999                      -1.9398602
                   3.244                      -1.8906935
                   3.247                      -1.8443142
                    3.25                      -1.8004167
                   3.253                      -1.7587115
                   3.256                       -1.718927
               3.2590001                      -1.6808054
               3.2620001                      -1.6441112
               3.2650001                      -1.6086278
               3.2679999                      -1.5741553
               3.2709999                      -1.5405183
               3.2739999                      -1.5075598
                   3.277                      -1.4751457
                    3.28                      -1.4431615
                   3.283                      -1.4115172
                   3.286                      -1.3801387
                   3.289                      -1.3489753
               3.2920001                      -1.3179965
               3.2950001                      -1.2871881
               3.2980001                      -1.2565525
               3.3010001                      -1.2261087
               3.3039999                      -1.1958911
               3.3069999                      -1.1659446
               3.3099999                      -1.1363259
                   3.313                      -1.1070979
                   3.316                      -1.0783341
                   3.319                      -1.0501107
                   3.322                      -1.0225078
                   3.325                     -0.99560723
               3.3280001                     -0.96949066
               3.3310001                     -0.94423643
               3.3340001                     -0.91992116
               3.3369999                     -0.89661493
               3.3399999                     -0.87438453
               3.3429999                     -0.85328669
                   3.346                     -0.83337043
                   3.349                     -0.81467688
                   3.352                     -0.79723739
                   3.355                     -0.78107198
                   3.358                     -0.76619106
               3.3610001                     -0.75259282
               3.3640001                     -0.74026605
               3.3670001                     -0.72918695
               3.3699999                     -0.71932214
               3.3729999                     -0.71062642
               3.3759999                     -0.70304522
               3.3789999                     -0.69651464
                   3.382                     -0.69096113
                   3.385                     -0.68630354
                   3.388                      -0.6824537
                   3.391                      -0.6793167
               3.3940001                      -0.6767928
               3.3970001                     -0.67477871
               3.4000001                     -0.67316744
               3.4030001                     -0.67185167
               3.4059999                     -0.67072371
               3.4089999                     -0.66967837
               3.4119999                      -0.6686117
                   3.415                     -0.66742451
                   3.418                     -0.66602435
                   3.421                     -0.66432356
                   3.424                     -0.66224318
                   3.427                     -0.65971394
               3.4300001                     -0.65667709
               3.4330001                     -0.65308246
               3.4360001                     -0.64889375
               3.4389999                     -0.64408341
               3.4419999                     -0.63864048
               3.4449999                     -0.63256268
                   3.448                     -0.62586057
                   3.451                     -0.61855814
                   3.454                     -0.61068707
                   3.457                     -0.60229343
                    3.46                     -0.59343102
               3.4630001                     -0.58416387
               3.4660001                      -0.5745608
               3.4690001                     -0.56469991
               3.4719999                     -0.55466304
               3.4749999                     -0.54453709
               3.4779999                     -0.53440876
               3.4809999                      -0.5243693
                   3.484                      -0.5145062
                   3.487                     -0.50490837
                    3.49                     -0.49566069
                   3.493                     -0.48684304
               3.4960001                     -0.47853158
               3.4990001                     -0.47079392
               3.5020001                     -0.46369331
               3.5050001                     -0.45728288
               3.5079999                     -0.45160791
               3.5109999                     -0.44670359
               3.5139999                      -0.4425961
                   3.517                     -0.43930081
                    3.52                     -0.43682342
                   3.523                     -0.43515835
                   3.526                     -0.43428903
                   3.529                     -0.43419047
               3.5320001                     -0.43482629
               3.5350001                     -0.43615197
               3.5380001                     -0.43811193
               3.5409999                     -0.44064464
               3.5439999                     -0.44367929
               3.5469999                     -0.44713819
                    3.55                     -0.45094129
                   3.553                     -0.45500042
                   3.556                     -0.45922602
                   3.559                     -0.46352516
                   3.562                     -0.46780584
               3.5650001                     -0.47197582
               3.5680001                     -0.47594501
               3.5710001                     -0.47962541
               3.5739999                     -0.48293589
               3.5769999                     -0.48579931
               3.5799999                      -0.4881474
               3.5829999                     -0.48991781
                   3.586                     -0.49105956
                   3.589                      -0.4915291
                   3.592                     -0.49129829
                   3.595                     -0.49034438
                   3.598                      -0.4886613
               3.6010001                     -0.48625102
               3.6040001                     -0.48312908
               3.6070001                     -0.47932167
               3.6099999                     -0.47486787
               3.6129999                     -0.46981412
               3.6159999                     -0.46421868
                   3.619                     -0.45814836
                   3.622                     -0.45167618
                   3.625                     -0.44488363
                   3.628                     -0.43785591
                   3.631                     -0.43068278
               3.6340001                     -0.42345649
               3.6370001                     -0.41627042
               3.6400001                     -0.40921723
               3.6429999                     -0.40238826
               3.6459999                     -0.39587302
               3.6489999                     -0.38975575
                   3.652                     -0.38411447
                   3.655                     -0.37902156
                   3.658                     -0.37454456
                   3.661                     -0.37073773
                   3.664                      -0.3676495
               3.6670001                     -0.36531807
               3.6700001                     -0.36377086
               3.6730001                     -0.36302386
               3.6760001                     -0.36308385
               3.6789999                      -0.3639444
               3.6819999                     -0.36558957
               3.6849999                     -0.36799135
                   3.688                     -0.37111248
                   3.691                     -0.37490328
                   3.694                     -0.37930676
                   3.697                     -0.38425341
                     3.7                     -0.38967048
               3.7030001                     -0.39547355
               3.7060001                     -0.40157483
               3.7090001                     -0.40787952
               3.7119999                     -0.41428989
               3.7149999                      -0.4207073
               3.7179999                     -0.42703043
                   3.721                     -0.43315847
                   3.724                     -0.43899439
                   3.727                     -0.44444325
                    3.73                     -0.44941664
                   3.733                     -0.45383147
               3.7360001                     -0.45761269
               3.7390001                     -0.46069613
               3.7420001                     -0.46302506
               3.7449999                     -0.46455676
               3.7479999                     -0.46525962
               3.7509999                      -0.4651154
               3.7539999                     -0.46411766
                   3.757                     -0.46227488
                    3.76                     -0.45960698
                   3.763                     -0.45615023
                   3.766                      -0.4519482
               3.7690001                     -0.44706257
               3.7720001                     -0.44156001
               3.7750001                     -0.43552061
               3.7780001                     -0.42903276
               3.7809999                     -0.42219116
               3.7839999                      -0.4150965
               3.7869999                     -0.40785356
                    3.79                     -0.40057079
                   3.793                     -0.39335657
                   3.796                     -0.38632015
                   3.799                     -0.37956608
                   3.802                     -0.37319902
               3.8050001                     -0.36731462
               3.8080001                     -0.36200458
               3.8110001                     -0.35735309
               3.8139999                     -0.35343357
               3.8169999                     -0.35031156
               3.8199999                     -0.34803909
                   3.823                     -0.34665953
                   3.826                     -0.34620264
                   3.829                     -0.34668602
                   3.832                     -0.34811141
                   3.835                     -0.35047239
               3.8380001                     -0.35374411
               3.8410001                     -0.35789267
               3.8440001                     -0.36286883
               3.8469999                     -0.36861196
               3.8499999                     -0.37505041
               3.8529999                     -0.38210101
               3.8559999                     -0.38966917
                   3.859                     -0.39765478
                   3.862                     -0.40594604
                   3.865                     -0.41443007
                   3.868                      -0.4229865
               3.8710001                     -0.43149101
               3.8740001                     -0.43982212
               3.8770001                     -0.44785483
               3.8800001                     -0.45547032
               3.8829999                     -0.46255413
               3.8859999                     -0.46899494
               3.8889999                     -0.47469371
                   3.892                     -0.47956034
                   3.895                     -0.48351628
                   3.898                     -0.48649707
                   3.901                      -0.4884507
                   3.904                     -0.48934183
               3.9070001                     -0.48915345
               3.9100001                     -0.48788108
               3.9130001                     -0.48554283
               3.9159999                     -0.48216749
               3.9189999                      -0.4778058
               3.9219999                     -0.47252154
                   3.925                     -0.46639194
                   3.928                      -0.4595125
                   3.931                     -0.45198588
                   3.934                     -0.44392929
                   3.937                     -0.43546581
               3.9400001                     -0.42672808
               3.9430001                     -0.41785021
               3.9460001                     -0.40897266
               3.9489999                     -0.40023437
               3.9519999                     -0.39177332
               3.9549999                     -0.38372655
               3.9579999                     -0.37622151
                   3.961                     -0.36938319
                   3.964                     -0.36332524
                   3.967                     -0.35815191
                    3.97                      -0.3539555
                   3.973                     -0.35081477
               3.9760001                     -0.34879553
               3.9790001                      -0.3479487
               3.9820001                     -0.34830717
               3.9849999                     -0.34988924
               3.9879999                     -0.35269591
               3.9909999                     -0.35671169
                   3.994                      -0.3619026
                   3.997                     -0.36821809
                       4                     -0.37559138

